vars = 28 ; constr = 2 
total_times_used = 4.97
size_Y_N = 13
Y_N = [[152348.0, 104576.0], [152073.0, 114701.0], [151953.0, 115018.0], [144948.0, 127478.0], [128754.0, 132943.0], [99672.99999999048, 142354.00000000146], [90578.0, 145137.0], [70823.0, 150820.0], [64468.0, 152549.0], [59763.0, 153756.0], [57178.0, 154317.0], [55923.0, 154568.0], [48135.0, 155953.0]]

size_X_E = 13
