vars = 220 ; constr = 601 
total_times_used = 4.21
size_Y_N = 5
Y_N = [[1280.0, 1407.0], [1331.0, 1311.0], [1406.0, 1229.0], [1435.00000000007, 1192.0000000008288], [1494.0, 1093.0]]

size_X_E = 5
