vars = 119 ; constr = 316 
total_times_used = 4.07
size_Y_N = 14
Y_N = [[0.0, 297.0], [10.0, 295.0], [19.0, 294.0], [39.0, 281.0], [62.0, 263.0], [67.0, 220.0], [81.0, 215.0], [82.0, 202.0], [93.0, 200.0], [112.0, 184.0], [123.0, 132.0], [125.0, 122.0], [163.0, 121.0], [192.00000000000003, 88.00000000000001]]

size_X_E = 14
