vars = 152 ; constr = 409 
total_times_used = 4.41
size_Y_N = 12
Y_N = [[88.0, 289.0], [95.0, 273.0], [108.0, 259.0], [118.0, 240.0], [128.0, 212.0], [168.0, 207.0], [169.0, 165.0], [173.0, 162.0], [182.0, 119.0], [195.0, 118.0], [229.00000000000796, 111.99999999999254], [239.0, 104.0]]

size_X_E = 12
