vars = 30 ; constr = 2 
total_times_used = 0.49
size_Y_N = 2
Y_N = [[371852.0, 2.027571e6], [485092.0, 1.623489e6]]

size_X_E = 2
