vars = 30 ; constr = 6 
 # informations of B&B algorithm : 
total_times_used = 3603.6 
total_nodes = 973481 
pruned_nodes = 151029 
GAP = 0.0 
relaxation_time = 3474.3 
test_dominance_time = 0.13 
update_incumbent_time = 0.11 
tree_size = 4108.9 
nb_nodes_EPB = 153390 
nb_nodes_VB = 820090 
root_relax = false 
TO = true 
rootLBS = 41 
LBSexhaustive = true 
 位_strategy = 0 
 位_min = 0 
 位_max = 0 
位_acc = 0.0 
total_time_cplex = 0.0 
total_time_fusion = 0.0 


size_Y_N = 7
Y_N = [[8631.5, 9808.166666666666], [9182.666666666666, 9737.166666666664], [9428.333333333334, 9510.166666666666], [9623.5, 9370.333333333332], [9679.166666666668, 9174.499999999998], [9945.0, 7956.333333333335], [10414.166666666668, 6816.833333333334]]

