vars = 30 ; constr = 6 
 # informations of B&B algorithm : 
total_times_used = 3600.91 
total_nodes = 1501466 
pruned_nodes = 433146 
GAP = 0.0 
relaxation_time = 3289.52 
test_dominance_time = 5.18 
update_incumbent_time = 0.15 
tree_size = 4999.756 
nb_nodes_EPB = 393625 
nb_nodes_VB = 1107840 
root_relax = false 
TO = true 
rootLBS = 44 
LBSexhaustive = true 
 位_strategy = 0 
 位_min = 0 
 位_max = 0 
位_acc = 0.0 
total_time_cplex = 0.0 
total_time_fusion = 0.0 


size_Y_N = 16
Y_N = [[5490.499999999999, 8095.500000000001], [5604.0, 7999.500000000001], [5929.166666666668, 7747.5], [5940.833333333333, 7608.833333333335], [6116.833333333334, 7428.833333333334], [6177.333333333333, 7246.500000000001], [6298.166666666667, 7177.833333333334], [6362.166666666667, 7156.500000000001], [6465.0, 6940.833333333335], [6611.333333333334, 6849.833333333333], [6671.5, 6824.833333333335], [6862.500000000001, 6717.833333333333], [7054.166666666668, 6486.833333333334], [7216.666666666669, 5961.166666666666], [7399.666666666666, 5781.500000000001], [7508.333333333334, 5194.5]]

