vars = 30 ; constr = 6 
 # informations of B&B algorithm : 
total_times_used = 560.9 
total_nodes = 501981 
pruned_nodes = 264100 
GAP = 0.0 
relaxation_time = 447.97 
test_dominance_time = 1.3 
update_incumbent_time = 0.05 
tree_size = 1358.64 
nb_nodes_EPB = 131582 
nb_nodes_VB = 370398 
root_relax = false 
TO = false 
rootLBS = 33 
LBSexhaustive = true 
 位_strategy = 0 
 位_min = 0 
 位_max = 0 
位_acc = 0.0 
total_time_cplex = 0.0 
total_time_fusion = 0.0 


size_Y_N = 19
Y_N = [[15212.666666666666, 15016.833333333332], [15226.000000000002, 14903.833333333332], [15317.666666666668, 14886.833333333332], [15481.500000000002, 14880.833333333332], [15647.000000000002, 14812.833333333332], [15882.666666666666, 14758.833333333332], [15937.833333333334, 14294.833333333332], [15986.166666666668, 14242.833333333332], [15987.666666666668, 14162.833333333332], [16010.66666666667, 13913.833333333332], [16065.833333333334, 13763.5], [16128.500000000002, 13578.333333333332], [16129.000000000002, 13468.333333333332], [16245.5, 13374.333333333332], [16313.500000000002, 13204.0], [16346.000000000002, 12983.0], [16368.666666666668, 12940.333333333332], [16517.333333333336, 12862.0], [16625.833333333336, 12793.0]]

