vars = 40 ; constr = 6 
 # informations of B&B algorithm : 
total_times_used = 3600.91 
total_nodes = 1020800 
pruned_nodes = 331203 
GAP = 0.0 
relaxation_time = 3348.87 
test_dominance_time = 4.14 
update_incumbent_time = 0.1 
tree_size = 4450.316 
nb_nodes_EPB = 261899 
nb_nodes_VB = 758900 
root_relax = false 
TO = true 
rootLBS = 48 
LBSexhaustive = true 
 位_strategy = 0 
 位_min = 0 
 位_max = 0 
位_acc = 0.0 
total_time_cplex = 0.0 
total_time_fusion = 0.0 


size_Y_N = 14
Y_N = [[14341.0, 19742.000000000004], [15071.833333333334, 19456.83333333334], [15093.0, 19447.83333333334], [15277.666666666668, 19432.83333333334], [15367.333333333334, 18779.0], [15527.666666666668, 18770.166666666668], [15566.333333333336, 18721.166666666668], [15713.333333333336, 18579.166666666668], [15756.0, 17957.333333333336], [15904.166666666668, 17948.333333333336], [16024.166666666668, 17543.166666666668], [16148.000000000004, 17354.333333333332], [16354.166666666668, 17303.833333333336], [16564.666666666668, 15345.166666666666]]

