vars = 45 ; constr = 48 
 # informations of B&B algorithm : 
total_times_used = 1.4 
total_nodes = 238 
pruned_nodes = 125 
GAP = 0.0 
relaxation_time = 0.23 
test_dominance_time = 0.0 
update_incumbent_time = 0.0 
tree_size = 0.638 
nb_nodes_EPB = 71 
nb_nodes_VB = 166 
root_relax = false 


 # ----------- info about cuts : 
ite_total = 176 
cuts_applied = 13 
sp_cuts = 13 
mp_cuts = 0 
cuts_total = 13 
times_calling_dicho = 0.23 
times_calling_separators = 0.0 
times_oper_cutPool = 0.11 
times_total_for_cuts = 0.37 
times_add_retrieve_cuts = 0.02 



size_Y_N = 5
Y_N = [[373.0, 1046.0], [419.0, 962.0], [431.0, 922.0], [458.0, 678.0], [518.0, 430.0]]

size_X_E = 5
X_E = [[1.0000000000000002, 1.0000000000000002, 1.0, 0.0, 1.0000000000000002, 1.0, 0.0, 0.0, 0.0, 0.0, 0.0, 0.0, 0.0, 0.0, 0.0, 0.0, 0.0, 0.0, 0.0, 0.0, 0.0, 0.0, 0.0, 0.0, 0.0, 0.0, 0.0, 0.0, 0.0, 0.0, 0.0, 0.0, 0.0, 0.0, 0.0, 1.0, 0.0, 0.0, 1.0, 1.0, 1.0000000000000002, 0.0, 0.0, 0.0, 1.0], [1.0, 1.0, 1.0, 0.0, 1.0, 1.0, 0.0, 0.0, 0.0, 0.0, 0.0, 0.0, 0.0, 0.0, 0.0, 0.0, 0.0, 0.0, 0.0, 0.0, 0.0, 0.0, 0.0, 0.0, 0.0, 0.0, 0.0, 0.0, 0.0, 0.0, 0.0, 0.0, 0.0, 0.0, 0.0, 1.0, 0.0, 0.0, 0.9999999999999908, 1.0, 1.0, 0.0, 0.0, 0.0, 1.000000000000002], [1.0, 1.0, 1.0, 0.0, 1.0, 1.0, 0.0, 0.0, 0.0, 0.0, 0.0, 0.0, 0.0, 0.0, 0.0, 0.0, 0.0, 0.0, 0.0, 0.0, 0.0, 0.0, 0.0, 0.0, 0.0, 0.0, 0.0, 0.0, 0.0, 0.0, 0.0, 0.0, 0.0, 0.0, 0.0, 1.0, 0.0, 0.0, 1.0, 1.0, 1.0, 0.0, 0.0, 0.0, 1.0], [0.0, 0.0, 0.0, 0.0, 0.0, 0.0, 0.0, 0.0, 0.0, 0.0, 0.0, 0.0, 0.0, 0.0, 0.0, 0.0, 1.0, 1.0, 1.0, 1.0, 1.0, 1.0, 1.0, 1.0, 0.0, 0.0, 0.0, 0.0, 0.0, 0.0, 0.0, 0.0, 0.0, 0.0, 0.0, 0.0, 0.0, 0.0, 0.0, 0.0, 0.0, 0.0, 1.0, 0.0, 0.0], [1.0, 1.0, 1.0, 1.0, 1.0, 1.0, 1.0, 1.0, 0.0, 0.0, 0.0, 0.0, 0.0, 0.0, 0.0, 0.0, 0.0, 0.0, 0.0, 0.0, 0.0, 0.0, 0.0, 0.0, 0.0, 0.0, 0.0, 0.0, 0.0, 0.0, 0.0, 0.0, 0.0, 0.0, 0.0, 0.0, 0.0, 0.0, 0.0, 0.0, 1.0, 0.0, 0.0, 0.0, 0.0]]
