vars = 30 ; constr = 6 
 # informations of B&B algorithm : 
total_times_used = 1646.24 
total_nodes = 106168 
pruned_nodes = 63584 
GAP = 0.0 
relaxation_time = 1597.81 
test_dominance_time = 0.0 
update_incumbent_time = 0.06 
tree_size = 213.817 
nb_nodes_EPB = 30999 
nb_nodes_VB = 75168 
root_relax = true 
TO = false 
rootLBS = 21 
LBSexhaustive = true 
 位_strategy = 0 
 位_min = 1 
 位_max = 125 
位_acc = 2.6109844774319946 
total_time_cplex = 1575.1189885139465 
total_time_fusion = 1.7727551460266113 


size_Y_N = 41
Y_N = [[2639.8333333333335, 5762.500000000002], [2687.333333333333, 5549.833333333335], [2974.333333333333, 5518.833333333334], [3086.5, 5379.000000000001], [3094.1666666666665, 5108.000000000001], [3223.8333333333335, 5084.333333333335], [3233.3333333333335, 4913.666666666667], [3292.9999999999995, 4894.500000000001], [3329.833333333333, 4806.500000000001], [3372.0000000000005, 4775.333333333334], [3376.8333333333335, 4712.333333333335], [3444.4999999999995, 4695.000000000001], [3493.0, 4625.666666666668], [3516.3333333333335, 4439.333333333334], [3519.4999999999995, 4426.000000000001], [3593.3333333333335, 4380.166666666668], [3696.0000000000005, 4334.500000000001], [3699.6666666666665, 4318.000000000001], [3708.8333333333335, 4211.0], [3723.9999999999995, 4178.333333333333], [3760.3333333333335, 4144.333333333333], [3783.5, 4072.4999999999995], [3809.9999999999995, 4054.0000000000005], [3812.6666666666665, 4053.9999999999995], [3835.4999999999995, 4024.333333333333], [3840.5000000000005, 4015.9999999999995], [3877.1666666666665, 3908.9999999999995], [3915.5000000000005, 3887.9999999999995], [4017.166666666667, 3882.5], [4084.6666666666665, 3771.5], [4211.833333333334, 3753.1666666666665], [4298.5, 3752.166666666667], [4352.0, 3290.1666666666665], [4399.333333333333, 3269.1666666666665], [4424.333333333334, 3106.166666666666], [4437.833333333334, 3062.1666666666665], [4502.333333333334, 2849.1666666666665], [4532.833333333334, 2606.333333333333], [4596.333333333334, 2486.1666666666665], [4635.666666666667, 2440.333333333333], [4652.000000000001, 2425.333333333333]]

