vars = 40 ; constr = 6 
 # informations of B&B algorithm : 
total_times_used = 3601.26 
total_nodes = 166162 
pruned_nodes = 78743 
GAP = 0.0 
relaxation_time = 3535.62 
test_dominance_time = 0.07 
update_incumbent_time = 1.27 
tree_size = 395.212 
nb_nodes_EPB = 34677 
nb_nodes_VB = 131484 
root_relax = true 
TO = true 
rootLBS = 25 
LBSexhaustive = true 
 位_strategy = 0 
 位_min = 0 
 位_max = 0 
位_acc = 0.0 
total_time_cplex = 0.0 
total_time_fusion = 0.0 


size_Y_N = 38
Y_N = [[11428.833333333332, 14771.999999999998], [11693.833333333332, 14747.999999999998], [11735.5, 14699.999999999996], [11812.166666666664, 14698.666666666662], [12482.0, 14683.666666666662], [12488.833333333332, 14673.666666666662], [12527.333333333334, 14631.666666666662], [12570.166666666666, 14590.666666666662], [12641.833333333332, 14507.666666666664], [12666.5, 14450.666666666662], [12836.833333333332, 14377.666666666662], [12861.666666666666, 14289.666666666662], [13116.0, 14270.333333333328], [13173.333333333332, 14184.333333333328], [13190.666666666666, 14180.333333333328], [13400.666666666666, 14075.666666666662], [13628.833333333334, 14054.333333333328], [13691.499999999998, 13758.333333333328], [13748.333333333332, 13740.333333333328], [13958.666666666666, 13598.333333333328], [14002.500000000002, 13310.666666666664], [14150.666666666666, 13296.666666666662], [14254.833333333334, 12995.999999999993], [14357.166666666666, 12979.999999999995], [14435.5, 12532.666666666662], [14478.5, 12465.666666666662], [14483.5, 12377.833333333328], [14486.666666666666, 12363.333333333328], [14584.999999999998, 12290.333333333328], [14722.999999999998, 12284.333333333328], [14732.333333333334, 11922.333333333328], [14739.333333333332, 11828.333333333328], [14790.499999999998, 11796.333333333328], [14813.166666666664, 11662.33333333333], [14819.499999999998, 11396.499999999996], [14889.666666666666, 11327.499999999996], [15028.333333333332, 11117.499999999996], [15029.0, 9970.33333333333]]

