vars = 30 ; constr = 6 
 # informations of B&B algorithm : 
total_times_used = 95.65 
total_nodes = 4389 
pruned_nodes = 2483 
GAP = 0.0 
relaxation_time = 92.53 
test_dominance_time = 0.0 
update_incumbent_time = 0.02 
tree_size = 9.124 
nb_nodes_EPB = 1068 
nb_nodes_VB = 3320 
root_relax = true 
TO = false 
rootLBS = 12 
LBSexhaustive = true 
 λ_strategy = 0 
 λ_limit = 0 
 

size_Y_N = 17
Y_N = [[5223.333333333333, 6724.166666666666], [5223.666666666667, 6722.166666666666], [5401.333333333334, 6442.166666666666], [5733.166666666667, 5853.666666666666], [5777.666666666667, 5307.833333333333], [5787.333333333333, 5298.166666666666], [5826.0, 5136.333333333333], [5844.5, 5000.333333333333], [5844.833333333333, 4998.333333333333], [5952.833333333333, 4984.333333333333], [6004.0, 4854.333333333333], [6004.5, 4840.166666666666], [6023.333333333333, 4744.333333333333], [6037.666666666667, 4612.333333333333], [6072.333333333333, 4607.666666666666], [6137.833333333333, 4274.666666666666], [6211.666666666667, 4220.666666666666]]

