vars = 30 ; constr = 6 
 # informations of B&B algorithm : 
total_times_used = 3601.44 
total_nodes = 169497 
pruned_nodes = 12042 
GAP = 0.0 
relaxation_time = 3245.37 
test_dominance_time = 0.01 
update_incumbent_time = 0.03 
tree_size = 1487.564 
nb_nodes_EPB = 0 
nb_nodes_VB = 169496 
root_relax = false 
TO = true 
rootLBS = 48 
LBSexhaustive = true 
 位_strategy = 0 
 位_min = 0 
 位_max = 0 
位_acc = 0.0 
total_time_cplex = 0.0 
total_time_fusion = 0.0 



 # ----------- info about cuts : 
ite_total = 159846 
cuts_applied = 1281903 
sp_cuts = 251111 
mp_cuts = 1030792 
cuts_total = 1281903 
times_calling_dicho = 3245.37 
times_calling_separators = 287.4 
times_oper_cutPool = 11.48 
times_total_for_cuts = 3587.94 
times_add_retrieve_cuts = 31.0 



size_Y_N = 2
Y_N = [[9428.333333333334, 9510.166666666666], [10226.833333333334, 7635.500000000002]]

