vars = 30 ; constr = 6 
 # informations of B&B algorithm : 
total_times_used = 3601.4 
total_nodes = 448997 
pruned_nodes = 129928 
GAP = 0.0 
relaxation_time = 3103.56 
test_dominance_time = 0.28 
update_incumbent_time = 0.07 
tree_size = 2276.933 
nb_nodes_EPB = 0 
nb_nodes_VB = 448996 
root_relax = false 
TO = true 
rootLBS = 47 
LBSexhaustive = true 
 λ_strategy = 0 
 λ_limit = 1048576 
 


 # ----------- info about cuts : 
ite_total = 350480 
cuts_applied = 464007 
sp_cuts = 207966 
mp_cuts = 256041 
cuts_total = 464007 
times_calling_dicho = 3103.56 
times_calling_separators = 401.12 
times_oper_cutPool = 12.56 
times_total_for_cuts = 3557.03 
times_add_retrieve_cuts = 38.47 



size_Y_N = 11
Y_N = [[5942.5, 7710.500000000001], [6008.166666666667, 7623.833333333334], [6169.166666666666, 7405.833333333334], [6179.833333333333, 7349.833333333334], [6596.000000000001, 7039.166666666667], [6640.0, 6980.833333333334], [6946.833333333333, 6598.166666666668], [7054.166666666668, 6486.833333333334], [7216.666666666669, 5961.166666666666], [7399.666666666666, 5781.500000000001], [7443.833333333333, 5009.666666666666]]

