vars = 30 ; constr = 6 
 # informations of B&B algorithm : 
total_times_used = 3601.43 
total_nodes = 186737 
pruned_nodes = 37433 
GAP = 0.0 
relaxation_time = 3316.12 
test_dominance_time = 0.0 
update_incumbent_time = 0.03 
tree_size = 1016.934 
nb_nodes_EPB = 0 
nb_nodes_VB = 186736 
root_relax = false 
TO = true 
rootLBS = 47 
LBSexhaustive = true 
 位_strategy = 0 
 位_min = 0 
 位_max = 0 
位_acc = 0.0 
total_time_cplex = 0.0 
total_time_fusion = 0.0 



 # ----------- info about cuts : 
ite_total = 150360 
cuts_applied = 647150 
sp_cuts = 114810 
mp_cuts = 532340 
cuts_total = 647150 
times_calling_dicho = 3316.12 
times_calling_separators = 236.02 
times_oper_cutPool = 5.21 
times_total_for_cuts = 3566.48 
times_add_retrieve_cuts = 20.57 



size_Y_N = 3
Y_N = [[6107.833333333333, 6225.000000000001], [6478.833333333333, 5658.0], [6584.833333333334, 5593.0]]

