vars = 30 ; constr = 6 
 # informations of B&B algorithm : 
total_times_used = 377.59 
total_nodes = 95345 
pruned_nodes = 47673 
GAP = 0.0 
relaxation_time = 333.45 
test_dominance_time = 0.06 
update_incumbent_time = 0.02 
tree_size = 258.323 
nb_nodes_EPB = 0 
nb_nodes_VB = 95344 
root_relax = false 
TO = false 
rootLBS = 39 
LBSexhaustive = true 
 λ_strategy = 0 
 λ_limit = 1048576 
 


 # ----------- info about cuts : 
ite_total = 62157 
cuts_applied = 65962 
sp_cuts = 36656 
mp_cuts = 29306 
cuts_total = 65962 
times_calling_dicho = 333.45 
times_calling_separators = 28.27 
times_oper_cutPool = 1.31 
times_total_for_cuts = 365.49 
times_add_retrieve_cuts = 5.88 



size_Y_N = 41
Y_N = [[2639.8333333333335, 5762.500000000002], [2687.333333333333, 5549.833333333335], [2974.333333333333, 5518.833333333334], [3086.5, 5379.000000000001], [3094.1666666666665, 5108.000000000001], [3223.8333333333335, 5084.333333333335], [3233.3333333333335, 4913.666666666667], [3292.9999999999995, 4894.500000000001], [3329.833333333333, 4806.500000000001], [3372.0000000000005, 4775.333333333334], [3376.8333333333335, 4712.333333333335], [3444.4999999999995, 4695.000000000001], [3493.0, 4625.666666666668], [3516.3333333333335, 4439.333333333334], [3519.4999999999995, 4426.000000000001], [3593.3333333333335, 4380.166666666668], [3696.0000000000005, 4334.500000000001], [3699.6666666666665, 4318.000000000001], [3708.8333333333335, 4211.0], [3723.9999999999995, 4178.333333333333], [3760.3333333333335, 4144.333333333333], [3783.5, 4072.4999999999995], [3809.9999999999995, 4054.0000000000005], [3812.6666666666665, 4053.9999999999995], [3835.4999999999995, 4024.333333333333], [3840.5000000000005, 4015.9999999999995], [3877.1666666666665, 3908.9999999999995], [3915.5000000000005, 3887.9999999999995], [4017.166666666667, 3882.5], [4084.6666666666665, 3771.5], [4211.833333333334, 3753.1666666666665], [4298.5, 3752.166666666667], [4352.0, 3290.1666666666665], [4399.333333333333, 3269.1666666666665], [4424.333333333334, 3106.166666666666], [4437.833333333334, 3062.1666666666665], [4502.333333333334, 2849.1666666666665], [4532.833333333334, 2606.333333333333], [4596.333333333334, 2486.1666666666665], [4635.666666666667, 2440.333333333333], [4652.000000000001, 2425.333333333333]]

