vars = 40 ; constr = 6 
 # informations of B&B algorithm : 
total_times_used = 3601.46 
total_nodes = 165003 
pruned_nodes = 55968 
GAP = 0.0 
relaxation_time = 3197.55 
test_dominance_time = 0.42 
update_incumbent_time = 0.04 
tree_size = 1373.243 
nb_nodes_EPB = 0 
nb_nodes_VB = 165002 
root_relax = false 
TO = true 
rootLBS = 58 
LBSexhaustive = true 
 位_strategy = 0 
 位_min = 0 
 位_max = 0 
位_acc = 0.0 
total_time_cplex = 0.0 
total_time_fusion = 0.0 



 # ----------- info about cuts : 
ite_total = 137845 
cuts_applied = 585160 
sp_cuts = 76559 
mp_cuts = 508601 
cuts_total = 585160 
times_calling_dicho = 3197.55 
times_calling_separators = 353.78 
times_oper_cutPool = 5.08 
times_total_for_cuts = 3576.67 
times_add_retrieve_cuts = 17.43 



size_Y_N = 23
Y_N = [[15412.333333333334, 18735.500000000004], [15511.833333333334, 18714.500000000004], [15630.333333333334, 18713.500000000004], [15636.5, 18688.500000000004], [15644.833333333332, 18684.500000000004], [16057.0, 18681.500000000004], [16080.0, 18672.500000000004], [16312.5, 18621.500000000004], [16341.166666666666, 18570.500000000004], [16555.833333333332, 18519.500000000004], [16576.5, 18501.500000000004], [16580.833333333332, 18496.500000000004], [16677.166666666668, 18472.500000000004], [16750.666666666668, 18388.500000000004], [16875.333333333332, 18362.500000000004], [16950.833333333336, 18252.500000000004], [16979.666666666668, 18160.500000000004], [17194.166666666668, 18150.500000000004], [17542.0, 17992.66666666667], [17583.833333333336, 17974.66666666667], [17677.833333333332, 17005.66666666667], [17814.333333333332, 16827.500000000004], [17988.833333333332, 16392.16666666667]]

