vars = 30 ; constr = 6 
 # informations of B&B algorithm : 
total_times_used = 3601.43 
total_nodes = 321855 
pruned_nodes = 42771 
GAP = 0.0 
relaxation_time = 3144.23 
test_dominance_time = 0.04 
update_incumbent_time = 0.05 
tree_size = 2328.09 
nb_nodes_EPB = 0 
nb_nodes_VB = 321854 
root_relax = false 
TO = true 
rootLBS = 48 
LBSexhaustive = true 
 λ_strategy = 0 
 λ_limit = 1048576 
 


 # ----------- info about cuts : 
ite_total = 288235 
cuts_applied = 639729 
sp_cuts = 288760 
mp_cuts = 350969 
cuts_total = 639729 
times_calling_dicho = 3144.23 
times_calling_separators = 352.01 
times_oper_cutPool = 16.39 
times_total_for_cuts = 3577.01 
times_add_retrieve_cuts = 47.46 



size_Y_N = 4
Y_N = [[9428.333333333334, 9510.166666666666], [10168.333333333334, 8339.0], [10226.833333333334, 7635.500000000002], [10400.666666666668, 7586.000000000001]]

