vars = 40 ; constr = 2 
total_times_used = 0.02
size_Y_N = 4
Y_N = [[700798.0, 2.707806e6], [700182.0, 2.913197e6], [672308.0, 3.035631e6], [645628.0, 3.05754e6]]

size_X_E = 4
