vars = 40 ; constr = 6 
 # informations of B&B algorithm : 
total_times_used = 3606.68 
total_nodes = 264585 
pruned_nodes = 19350 
GAP = 0.0 
relaxation_time = 3560.79 
test_dominance_time = 0.29 
update_incumbent_time = 0.05 
tree_size = 3496.38 
nb_nodes_EPB = 0 
nb_nodes_VB = 264584 
root_relax = false 
TO = true 
rootLBS = 9 
LBSexhaustive = true 
 位_strategy = 0 
 位_min = 0 
 位_max = 0 
位_acc = 0.0 
total_time_cplex = 0.0 
total_time_fusion = 0.0 
heur = false 
heur_time = 0.0 
mixed = false 
mixed2 = false 


size_Y_N = 9
Y_N = [[9929.0, 13926.5], [10399.166666666668, 13854.333333333332], [10831.666666666666, 13775.333333333332], [10984.333333333334, 13723.333333333332], [11780.333333333334, 13252.166666666666], [12904.0, 11001.0], [12989.833333333332, 10768.833333333336], [13407.333333333332, 9539.333333333334], [13606.166666666666, 7962.999999999999]]

