vars = 40 ; constr = 6 
 # informations of B&B algorithm : 
total_times_used = 3609.75 
total_nodes = 245411 
pruned_nodes = 40181 
GAP = 0.0 
relaxation_time = 3564.69 
test_dominance_time = 0.62 
update_incumbent_time = 0.04 
tree_size = 3276.03 
nb_nodes_EPB = 0 
nb_nodes_VB = 245410 
root_relax = false 
TO = true 
rootLBS = 11 
LBSexhaustive = true 
 位_strategy = 0 
 位_min = 0 
 位_max = 0 
位_acc = 0.0 
total_time_cplex = 0.0 
total_time_fusion = 0.0 
heur = false 
heur_time = 0.0 
mixed = false 
mixed2 = false 


size_Y_N = 11
Y_N = [[7574.833333333332, 18528.499999999996], [8157.833333333332, 18400.999999999996], [8782.166666666666, 17896.999999999996], [9320.166666666666, 17325.666666666664], [9717.166666666668, 16775.666666666668], [10625.5, 15420.66666666667], [10917.666666666668, 14712.500000000002], [11120.0, 14199.000000000004], [11330.666666666668, 13565.16666666667], [11393.5, 13345.333333333336], [11787.0, 11898.833333333336]]

