vars = 50 ; constr = 6 
 # informations of B&B algorithm : 
total_times_used = 3608.46 
total_nodes = 199073 
pruned_nodes = 42141 
GAP = 0.0 
relaxation_time = 3564.53 
test_dominance_time = 0.64 
update_incumbent_time = 0.04 
tree_size = 3404.74 
nb_nodes_EPB = 0 
nb_nodes_VB = 199072 
root_relax = false 
TO = true 
rootLBS = 9 
LBSexhaustive = true 
 位_strategy = 0 
 位_min = 0 
 位_max = 0 
位_acc = 0.0 
total_time_cplex = 0.0 
total_time_fusion = 0.0 
heur = false 
heur_time = 0.0 
mixed = false 
mixed2 = false 


size_Y_N = 9
Y_N = [[17248.0, 15358.666666666668], [17706.833333333336, 15277.666666666668], [18132.0, 15098.66666666667], [18772.5, 14724.66666666667], [18893.166666666664, 14598.666666666668], [19387.5, 14055.666666666668], [19650.333333333336, 13629.666666666668], [19758.166666666668, 13411.666666666668], [20117.0, 12334.666666666668]]

