vars = 50 ; constr = 6 
 # informations of B&B algorithm : 
total_times_used = 3630.24 
total_nodes = 126267 
pruned_nodes = 5088 
GAP = 0.0 
relaxation_time = 3580.93 
test_dominance_time = 0.1 
update_incumbent_time = 0.03 
tree_size = 3127.388 
nb_nodes_EPB = 0 
nb_nodes_VB = 126266 
root_relax = false 
TO = true 
rootLBS = 10 
LBSexhaustive = true 
 位_strategy = 0 
 位_min = 0 
 位_max = 0 
位_acc = 0.0 
total_time_cplex = 0.0 
total_time_fusion = 0.0 
heur = false 
heur_time = 0.0 
mixed = false 
mixed2 = false 


size_Y_N = 10
Y_N = [[14319.166666666666, 16896.499999999996], [15540.333333333332, 16670.5], [16185.0, 16371.499999999998], [16361.166666666666, 16210.5], [16677.0, 15891.5], [17073.666666666668, 15404.5], [18074.333333333332, 13907.666666666668], [18325.0, 13113.333333333332], [18653.000000000004, 11785.833333333334], [19032.333333333336, 10126.833333333334]]

