vars = 50 ; constr = 10 
 # informations of B&B algorithm : 
total_times_used = 3644.1 
total_nodes = 142805 
pruned_nodes = 14678 
GAP = 0.0 
relaxation_time = 3599.16 
test_dominance_time = 0.22 
update_incumbent_time = 0.04 
tree_size = 2963.917 
nb_nodes_EPB = 0 
nb_nodes_VB = 142804 
root_relax = false 
TO = true 
rootLBS = 9 
LBSexhaustive = true 
 位_strategy = 0 
 位_min = 0 
 位_max = 0 
位_acc = 0.0 
total_time_cplex = 0.0 
total_time_fusion = 0.0 
heur = false 
heur_time = 0.0 
mixed = false 
mixed2 = false 


size_Y_N = 9
Y_N = [[14198.999999999998, 17630.4], [14913.5, 17372.4], [15509.599999999999, 17150.4], [16405.8, 15158.4], [16535.0, 14817.4], [16844.1, 13927.9], [17139.399999999998, 12748.7], [17159.3, 12602.400000000001], [17231.199999999997, 10877.6]]

