vars = 40 ; constr = 6 
 # informations of B&B algorithm : 
total_times_used = 3604.52 
total_nodes = 355783 
pruned_nodes = 94382 
GAP = 0.0 
relaxation_time = 3548.3 
test_dominance_time = 1.17 
update_incumbent_time = 0.05 
tree_size = 3668.969 
nb_nodes_EPB = 0 
nb_nodes_VB = 355782 
root_relax = false 
TO = true 
rootLBS = 8 
LBSexhaustive = true 
 位_strategy = 0 
 位_min = 0 
 位_max = 0 
位_acc = 0.0 
total_time_cplex = 0.0 
total_time_fusion = 0.0 
heur = false 
heur_time = 0.0 
mixed = false 
mixed2 = false 


size_Y_N = 8
Y_N = [[11428.833333333332, 14771.999999999998], [12482.0, 14683.666666666662], [13628.833333333334, 14054.333333333328], [13958.666666666666, 13598.333333333328], [14357.166666666666, 12979.999999999995], [14722.999999999998, 12284.333333333328], [15028.333333333332, 11117.499999999996], [15029.0, 9970.33333333333]]

