vars = 50 ; constr = 10 
 # informations of B&B algorithm : 
total_times_used = 3618.64 
total_nodes = 106431 
pruned_nodes = 10607 
GAP = 0.0 
relaxation_time = 3564.38 
test_dominance_time = 0.26 
update_incumbent_time = 0.03 
tree_size = 2938.212 
nb_nodes_EPB = 0 
nb_nodes_VB = 106430 
root_relax = false 
TO = true 
rootLBS = 14 
LBSexhaustive = true 
 位_strategy = 0 
 位_min = 0 
 位_max = 0 
位_acc = 0.0 
total_time_cplex = 0.0 
total_time_fusion = 0.0 
heur = false 
heur_time = 0.0 
mixed = false 
mixed2 = false 


size_Y_N = 14
Y_N = [[9283.1, 15671.5], [9864.0, 15655.6], [10127.099999999999, 15646.6], [10713.6, 15470.7], [11270.400000000001, 15200.2], [11545.8, 14965.2], [11849.0, 14644.2], [12438.3, 13973.7], [12962.3, 13168.2], [13393.1, 12251.800000000001], [13822.100000000002, 10866.5], [13951.7, 10422.6], [14091.0, 9522.0], [14139.0, 7813.9000000000015]]

