vars = 30 ; constr = 6 
 # informations of B&B algorithm : 
total_times_used = 128.91 
total_nodes = 82117 
pruned_nodes = 41059 
GAP = 0.0 
relaxation_time = 120.76 
test_dominance_time = 0.11 
update_incumbent_time = 0.01 
tree_size = 259.75 
nb_nodes_EPB = 0 
nb_nodes_VB = 82116 
root_relax = false 
TO = false 
rootLBS = 4 
LBSexhaustive = true 
 位_strategy = 0 
 位_min = 0 
 位_max = 0 
位_acc = 0.0 
total_time_cplex = 0.0 
total_time_fusion = 0.0 
heur = false 
heur_time = 0.0 
mixed = false 
mixed2 = false 


size_Y_N = 14
Y_N = [[8290.166666666668, 9119.333333333332], [8542.666666666668, 9099.333333333332], [8605.0, 9028.333333333332], [8632.833333333334, 8979.333333333332], [8655.666666666668, 8907.333333333332], [8672.833333333332, 8905.333333333332], [8751.5, 8884.333333333332], [8862.333333333334, 8867.333333333332], [8881.666666666668, 8773.333333333332], [8998.5, 8765.333333333332], [9042.0, 8756.333333333332], [9281.666666666666, 8695.33333333333], [9337.666666666666, 8573.33333333333], [9449.666666666666, 8468.33333333333]]

