vars = 40 ; constr = 2 
 # informations of B&B algorithm : 
total_times_used = 2.48 
total_nodes = 3487 
pruned_nodes = 1744 
GAP = 0.0 
relaxation_time = 2.02 
test_dominance_time = 0.08 
update_incumbent_time = 0.01 
tree_size = 10.159 
nb_nodes_EPB = 0 
nb_nodes_VB = 3486 
root_relax = false 
TO = false 

size_Y_N = 6
Y_N = [[645628.0, 3.05754e6], [672308.0, 3.035631e6], [679246.0, 2.934782e6], [685653.0, 2.932285e6], [700182.0, 2.913197e6], [700798.0, 2.707806e6]]

size_X_E = 6
