vars = 100 ; constr = 1 
total_times_used = 5.92
size_Y_N = 8
Y_N = [[1489.0, 11440.0], [1579.0, 11380.0], [1662.0, 11302.0], [1918.0000000000382, 10439.000000000033], [2001.0, 9479.0], [2084.0, 9396.0], [2167.0, 8428.0], [2250.0, 8343.0]]

size_X_E = 8
