vars = 100 ; constr = 1 
total_times_used = 6.58
size_Y_N = 10
Y_N = [[1489.0, 11355.0], [1579.0, 11319.0], [1662.0, 11236.0], [1745.0, 10307.0], [1917.9999999999998, 10254.000000000002], [1918.0, 10245.0], [2001.0, 9255.0], [2084.0, 9167.0], [2167.0, 8142.0], [2250.0, 8053.0]]

size_X_E = 10
