vars = 100 ; constr = 1 
total_times_used = 8.08
size_Y_N = 13
Y_N = [[1940.0, 25198.0], [2060.0, 25183.0], [2180.0, 25179.0], [2220.0, 25088.0], [2260.0, 25077.0], [2300.0, 24945.0], [2380.0, 24765.0], [2420.0, 23338.0], [2460.0, 23038.0], [2500.0, 21628.0], [2540.0, 19650.0], [2580.0, 16603.0], [2580.000000000018, 16487.000000000495]]

size_X_E = 13
