vars = 20 ; constr = 4 
 # informations of B&B algorithm : 
total_times_used = 19.62 
total_nodes = 855 
pruned_nodes = 413 
GAP = 0.0 
relaxation_time = 19.52 
test_dominance_time = 0.0 
update_incumbent_time = 0.01 
tree_size = 1.691 
nb_nodes_EPB = 0 
nb_nodes_VB = 854 
root_relax = true 
TO = false 
rootLBS = 24 
LBSexhaustive = false 
 位_strategy = 0 
 位_min = 1 
 位_max = 23 
位_acc = 3.2467836257309943 
total_time_cplex = 19.02320170402527 
total_time_fusion = 0.048248291015625 


size_Y_N = 15
Y_N = [[3768.0, 5787.0], [3840.5, 5784.25], [3931.75, 5755.0], [4255.75, 5610.25], [4409.25, 5289.75], [4487.75, 5201.0], [4645.25, 5126.75], [4694.0, 5061.25], [4715.5, 4907.5], [4832.75, 4878.25], [4876.75, 4760.25], [4974.0, 4499.25], [4987.75, 4487.75], [5147.75, 4383.75], [5295.75, 4328.75]]

