vars = 30 ; constr = 6 
 # informations of B&B algorithm : 
total_times_used = 348.66 
total_nodes = 5597 
pruned_nodes = 2799 
GAP = 0.0 
relaxation_time = 347.39 
test_dominance_time = 0.04 
update_incumbent_time = 0.09 
tree_size = 17.309 
nb_nodes_EPB = 0 
nb_nodes_VB = 5596 
root_relax = true 
TO = false 
rootLBS = 15 
LBSexhaustive = true 
 λ_strategy = 0 
 λ_limit = 1048576 
 

size_Y_N = 14
Y_N = [[8290.166666666668, 9119.333333333332], [8542.666666666668, 9099.333333333332], [8605.0, 9028.333333333332], [8632.833333333334, 8979.333333333332], [8655.666666666668, 8907.333333333332], [8672.833333333332, 8905.333333333332], [8751.5, 8884.333333333332], [8862.333333333334, 8867.333333333332], [8881.666666666668, 8773.333333333332], [8998.5, 8765.333333333332], [9042.0, 8756.333333333332], [9281.666666666666, 8695.33333333333], [9337.666666666666, 8573.33333333333], [9449.666666666666, 8468.33333333333]]

