vars = 40 ; constr = 6 
 # informations of B&B algorithm : 
total_times_used = 1073.12 
total_nodes = 15501 
pruned_nodes = 7751 
GAP = 0.0 
relaxation_time = 1069.69 
test_dominance_time = 0.09 
update_incumbent_time = 0.82 
tree_size = 60.163 
nb_nodes_EPB = 0 
nb_nodes_VB = 15500 
root_relax = true 
TO = false 
rootLBS = 34 
LBSexhaustive = true 
 λ_strategy = 0 
 λ_limit = 1048576 
 

size_Y_N = 23
Y_N = [[15560.500000000002, 18912.500000000004], [15603.500000000002, 18886.500000000004], [15687.500000000002, 18839.500000000004], [15695.5, 18820.500000000004], [15710.666666666668, 18812.500000000004], [15867.333333333336, 18808.500000000004], [16102.333333333336, 18795.500000000004], [16690.666666666664, 18746.333333333336], [16916.333333333332, 18720.333333333336], [17316.5, 18701.333333333336], [17333.666666666668, 18613.333333333336], [17446.5, 18512.333333333336], [17745.0, 18497.333333333336], [17841.333333333336, 18345.333333333336], [17902.0, 18043.333333333336], [18013.666666666668, 17499.666666666668], [18068.0, 16913.666666666668], [18094.5, 16671.000000000004], [18111.333333333332, 16646.500000000004], [18156.666666666664, 16461.000000000004], [18176.0, 16036.500000000004], [18302.5, 15998.66666666667], [18457.999999999996, 15710.000000000004]]

