vars = 20 ; constr = 2 
 # informations of B&B algorithm : 
total_times_used = 0.36 
total_nodes = 290 
pruned_nodes = 136 
GAP = 0.0 
relaxation_time = 0.29 
test_dominance_time = 0.0 
update_incumbent_time = 0.0 
tree_size = 0.385 
nb_nodes_EPB = 13 
nb_nodes_VB = 276 
root_relax = true 

size_Y_N = 6
Y_N = [[294937.0, 1.224331e6], [336026.0, 1.177874e6], [348001.0, 1.072734e6], [348226.0, 970512.0], [348313.0, 968492.0], [349211.0, 868316.0]]

size_X_E = 6
