vars = 30 ; constr = 6 
 # informations of B&B algorithm : 
total_times_used = 454.9 
total_nodes = 8253 
pruned_nodes = 4109 
GAP = 0.0 
relaxation_time = 451.57 
test_dominance_time = 0.13 
update_incumbent_time = 0.94 
tree_size = 31.917 
nb_nodes_EPB = 0 
nb_nodes_VB = 8252 
root_relax = true 
TO = false 
rootLBS = 20 
LBSexhaustive = false 
 位_strategy = 0 
 位_min = 0 
 位_max = 0 
位_acc = 0.0 
total_time_cplex = 0.0 
total_time_fusion = 0.0 


size_Y_N = 43
Y_N = [[8613.0, 11760.499999999996], [8917.0, 11614.499999999998], [8921.333333333334, 11515.499999999996], [8990.166666666666, 11486.499999999998], [9055.833333333332, 11431.499999999996], [9155.333333333332, 11413.499999999996], [9234.0, 11399.499999999998], [9253.0, 11382.499999999996], [9299.5, 11317.499999999996], [9461.333333333334, 11259.499999999996], [9591.0, 11146.499999999998], [9628.166666666668, 11110.499999999996], [9895.666666666666, 11036.499999999998], [9897.0, 10764.499999999998], [9928.0, 10763.499999999996], [9942.666666666666, 10745.83333333333], [10183.666666666666, 10619.83333333333], [10230.666666666666, 10278.999999999998], [10334.0, 10033.83333333333], [10334.5, 9693.166666666664], [10375.500000000002, 9674.833333333332], [10414.500000000002, 9576.166666666664], [10475.333333333336, 9402.83333333333], [10548.666666666668, 9393.666666666664], [10592.166666666668, 9348.166666666666], [10606.000000000002, 9297.166666666664], [10628.000000000002, 9110.33333333333], [10653.666666666668, 9061.666666666666], [10686.666666666668, 9057.166666666664], [10689.0, 8921.666666666664], [10705.0, 8917.5], [10724.0, 8900.5], [10727.833333333334, 8842.666666666666], [10802.166666666668, 8788.5], [10811.5, 8743.0], [10834.333333333334, 8668.166666666666], [10994.666666666668, 8511.166666666666], [10999.833333333334, 8101.666666666667], [11134.166666666668, 7866.000000000002], [11223.333333333336, 7180.500000000002], [11231.666666666668, 6913.000000000001], [11332.000000000002, 6765.833333333335], [11518.333333333336, 6542.833333333335]]

