vars = 50 ; constr = 2 
total_times_used = 0.36
size_Y_N = 2
Y_N = [[689092.0, 4.014893e6], [787963.0, 3.715682e6]]

size_X_E = 2
