vars = 50 ; constr = 2 
total_times_used = 0.21
size_Y_N = 2
Y_N = [[434886.0, 3.644427e6], [597253.0, 2.311546e6]]

size_X_E = 2
