vars = 50 ; constr = 2 
total_times_used = 0.04
size_Y_N = 2
Y_N = [[556829.0, 3.640519e6], [725464.0, 2.987387e6]]

size_X_E = 2
