vars = 30 ; constr = 2 
 # informations of B&B algorithm : 
total_times_used = 5925.08 
total_nodes = 9497 
pruned_nodes = 890 
GAP = 0.0 
relaxation_time = 690.58 
test_dominance_time = 3.4 
update_incumbent_time = 0.05 
tree_size = 25.334 
nb_nodes_EPB = 618 
nb_nodes_VB = 8878 
root_relax = false 
TO = true 

size_Y_N = 5
Y_N = [[401005.0, 1.901209e6], [442094.0, 1.854752e6], [446418.0, 1.763073e6], [456149.0, 1.746171e6], [471585.0, 1.628106e6]]

size_X_E = 5
