vars = 119 ; constr = 316 
total_times_used = 4.02
size_Y_N = 12
Y_N = [[0.0, 297.0], [39.0, 292.0], [50.0, 281.0], [52.0, 238.0], [55.0, 221.0], [93.0, 204.0], [112.0, 201.0], [152.0, 129.99999999999997], [153.0, 118.0], [158.0, 98.0], [188.0, 91.99999999999999], [268.0, 20.0]]

size_X_E = 12
