vars = 104 ; constr = 274 
total_times_used = 4.84
size_Y_N = 13
Y_N = [[13.0, 292.0], [46.0, 280.0], [85.0, 279.0], [92.0, 271.0], [114.0, 268.0], [125.0, 215.0], [151.00000000000404, 213.00000000000261], [171.0, 180.0], [175.0, 129.0], [181.0, 127.0], [197.0, 100.0], [207.0, 58.0], [234.0, 48.0]]

size_X_E = 13
