vars = 135 ; constr = 361 
total_times_used = 5.35
size_Y_N = 19
Y_N = [[12.0, 300.0], [19.0, 298.0], [23.0, 295.0], [52.0, 294.0], [58.0, 291.0], [74.0, 283.0], [76.0, 219.0], [101.0, 209.0], [116.0, 207.0], [150.0, 206.0], [169.0, 128.0], [177.00000000005764, 126.99999999983135], [188.0, 111.0], [190.000000000005, 105.00000000005441], [196.0, 98.0], [214.0, 48.0], [233.0, 43.0], [247.00000000027242, 24.000000000597566], [264.000000000002, 11.999999999954296]]

size_X_E = 19
