vars = 40 ; constr = 6 
 # informations of B&B algorithm : 
total_times_used = 3601.19 
total_nodes = 113653 
pruned_nodes = 51485 
GAP = 0.0 
relaxation_time = 3565.54 
test_dominance_time = 0.06 
update_incumbent_time = 1.96 
tree_size = 296.074 
nb_nodes_EPB = 32210 
nb_nodes_VB = 81442 
root_relax = true 
TO = true 
rootLBS = 26 
LBSexhaustive = true 
 λ_strategy = 0 
 λ_limit = 1048576 
 

size_Y_N = 45
Y_N = [[2627.6666666666665, 9081.333333333334], [2756.3333333333335, 9066.666666666666], [2928.0, 9049.0], [2995.6666666666665, 8995.333333333334], [3090.5, 8956.5], [3219.1666666666665, 8941.833333333334], [3237.5, 8918.5], [3279.6666666666665, 8790.333333333334], [3287.333333333333, 8699.666666666668], [3315.833333333333, 8640.166666666668], [3342.6666666666665, 8616.333333333332], [3597.166666666666, 8519.833333333336], [3722.1666666666665, 8403.0], [3815.0, 8252.333333333334], [3855.333333333333, 8161.0], [3886.4999999999995, 8039.833333333335], [3972.5, 8011.833333333334], [4012.833333333333, 7894.5], [4056.5, 7885.833333333334], [4070.5, 7766.833333333334], [4073.3333333333335, 7743.5], [4099.166666666666, 7667.166666666667], [4170.5, 7638.333333333334], [4193.5, 7533.5], [4234.5, 7521.833333333334], [4258.0, 7436.666666666668], [4283.833333333334, 7396.666666666667], [4367.333333333333, 7284.833333333334], [4371.833333333333, 7118.333333333334], [4395.833333333333, 7089.166666666667], [4416.5, 7084.500000000001], [4467.666666666666, 7014.5], [4494.833333333333, 6927.5], [4567.166666666667, 6898.833333333334], [4673.833333333333, 6808.0], [4843.333333333333, 6471.666666666667], [4877.5, 6354.833333333333], [4922.666666666667, 6265.333333333333], [4929.833333333333, 5858.5], [4960.666666666667, 5709.833333333334], [5055.333333333333, 5681.333333333334], [5089.666666666667, 5413.5], [5203.499999999999, 5297.5], [5275.5, 4347.5], [5315.666666666667, 3515.166666666667]]

