vars = 40 ; constr = 6 
 # informations of B&B algorithm : 
total_times_used = 376.89 
total_nodes = 19786 
pruned_nodes = 10615 
GAP = 0.0 
relaxation_time = 369.3 
test_dominance_time = 0.01 
update_incumbent_time = 0.09 
tree_size = 45.742 
nb_nodes_EPB = 3569 
nb_nodes_VB = 16216 
root_relax = true 
TO = false 
rootLBS = 18 
LBSexhaustive = true 
 λ_strategy = 0 
 λ_limit = 1048576 
 

size_Y_N = 15
Y_N = [[21109.833333333336, 14924.83333333333], [21378.333333333336, 14794.83333333333], [21554.666666666668, 14663.83333333333], [21684.833333333332, 14280.166666666662], [21714.666666666668, 14060.166666666662], [21776.333333333336, 13968.166666666662], [21844.666666666664, 13821.166666666662], [21848.833333333332, 13755.166666666662], [21863.666666666668, 13711.166666666662], [21868.666666666668, 13701.166666666662], [21899.666666666668, 13699.166666666662], [21932.833333333332, 13603.166666666662], [21936.833333333332, 13498.166666666662], [22032.666666666664, 13480.666666666664], [22155.000000000004, 13413.166666666662]]

