vars = 40 ; constr = 2 
total_times_used = 0.54
size_Y_N = 2
Y_N = [[403678.0, 2.888744e6], [544618.0, 2.268351e6]]

size_X_E = 2
