vars = 40 ; constr = 2 
total_times_used = 0.31
size_Y_N = 2
Y_N = [[645628.0, 3.05754e6], [700798.0, 2.707806e6]]

size_X_E = 2
