vars = 40 ; constr = 2 
total_times_used = 0.45
size_Y_N = 2
Y_N = [[106383.0, 407998.0], [186555.0, 137984.0]]

size_X_E = 2
X_E = [[1.0, 1.0, 0.0, 1.0, 0.0, 1.0, 1.0, 1.0, 0.0, 1.0, 1.0, 1.0, 1.0, 1.0, 1.0, 1.0, 1.0, 1.0, 1.0, 1.0, 0.0, 0.0, 1.0, 1.0, 1.0, 1.0, 1.0, 0.0, 1.0, 1.0, 0.0, 0.0, 0.0, 0.0, 1.0, 0.0, 0.0, 1.0, 1.0, 1.0], [0.0, -0.0, 1.0, 0.0, 0.0, 0.0, 4.440892098500626e-16, 1.0, -0.0, 1.0, -0.0, -0.0, -0.0, 1.0, -0.0, -0.0, -0.0, -0.0, 1.0, -0.0, 1.0, -0.0, 1.0, -0.0, -0.0, -0.0, -0.0, -0.0, -0.0, 0.0, 1.0, -0.0, 1.0, 0.9999999999999996, 1.0, 1.0, 0.0, 1.0, 0.0, 0.0]]
