vars = 40 ; constr = 6 
 # informations of B&B algorithm : 
total_times_used = 407.05 
total_nodes = 19807 
pruned_nodes = 10627 
GAP = 0.0 
relaxation_time = 397.3 
test_dominance_time = 0.01 
update_incumbent_time = 0.1 
tree_size = 46.008 
nb_nodes_EPB = 3580 
nb_nodes_VB = 16226 
root_relax = true 
TO = false 
rootLBS = 18 
LBSexhaustive = true 
 位_strategy = 0 
 位_min = 0 
 位_max = 0 
位_acc = 0.0 
total_time_cplex = 0.0 
total_time_fusion = 0.0 



 # ----------- info about cuts : 
ite_total = 10002 
cuts_applied = 545 
sp_cuts = 486 
mp_cuts = 59 
cuts_total = 545 
times_calling_dicho = 397.3 
times_calling_separators = 1.59 
times_oper_cutPool = 0.07 
times_total_for_cuts = 363.35 
times_add_retrieve_cuts = 0.03 



size_Y_N = 15
Y_N = [[21109.833333333336, 14924.83333333333], [21378.333333333336, 14794.83333333333], [21554.666666666668, 14663.83333333333], [21684.833333333332, 14280.166666666662], [21714.666666666668, 14060.166666666662], [21776.333333333336, 13968.166666666662], [21844.666666666664, 13821.166666666662], [21848.833333333332, 13755.166666666662], [21863.666666666668, 13711.166666666662], [21868.666666666668, 13701.166666666662], [21899.666666666668, 13699.166666666662], [21932.833333333332, 13603.166666666662], [21936.833333333332, 13498.166666666662], [22032.666666666664, 13480.666666666664], [22155.000000000004, 13413.166666666662]]

