vars = 40 ; constr = 6 
 # informations of B&B algorithm : 
total_times_used = 10302.78 
total_nodes = 14657 
pruned_nodes = 4172 
GAP = 0.0 
relaxation_time = 10293.6 
test_dominance_time = 0.01 
update_incumbent_time = 0.66 
tree_size = 44.902 
nb_nodes_EPB = 6108 
nb_nodes_VB = 8548 
root_relax = true 
TO = true 
rootLBS = 37 
LBSexhaustive = true 
 位_strategy = 0 
 位_min = 0 
 位_max = 0 
位_acc = 0.0 
total_time_cplex = 0.0 
total_time_fusion = 0.0 



 # ----------- info about cuts : 
ite_total = 10795 
cuts_applied = 597 
sp_cuts = 541 
mp_cuts = 56 
cuts_total = 597 
times_calling_dicho = 10293.6 
times_calling_separators = 2.78 
times_oper_cutPool = 0.15 
times_total_for_cuts = 10281.62 
times_add_retrieve_cuts = 0.48 



size_Y_N = 47
Y_N = [[7574.833333333332, 18528.499999999996], [8157.833333333332, 18400.999999999996], [8221.166666666664, 18218.166666666664], [8380.833333333332, 18086.833333333332], [8388.333333333332, 17983.333333333332], [8553.0, 17942.833333333332], [8566.666666666664, 17935.999999999996], [8567.333333333332, 17897.833333333332], [8782.166666666666, 17896.999999999996], [8802.333333333332, 17738.999999999996], [8880.0, 17602.999999999996], [8893.5, 17559.666666666664], [8934.833333333332, 17532.999999999996], [8997.0, 17475.999999999996], [9094.5, 17401.666666666664], [9212.333333333332, 17348.999999999996], [9220.333333333332, 17338.666666666664], [9320.166666666666, 17325.666666666664], [9424.166666666666, 17147.666666666664], [9441.499999999998, 16857.33333333333], [9474.833333333332, 16846.666666666668], [9717.166666666668, 16775.666666666668], [9794.5, 16644.166666666668], [9823.833333333332, 16399.333333333336], [9834.5, 16377.333333333336], [9881.999999999998, 16242.666666666668], [9938.5, 16199.333333333334], [10024.999999999998, 16060.5], [10105.166666666666, 16058.000000000002], [10168.666666666666, 15996.000000000002], [10176.333333333332, 15772.833333333334], [10181.666666666666, 15652.500000000002], [10367.0, 15620.833333333334], [10625.5, 15420.66666666667], [10693.166666666668, 15163.666666666668], [10788.333333333334, 14770.500000000002], [10803.166666666666, 14561.500000000002], [10873.333333333334, 14505.333333333336], [10880.666666666666, 14337.333333333336], [10994.5, 14243.500000000004], [11120.0, 14199.000000000004], [11239.833333333334, 13636.333333333334], [11304.833333333334, 13501.833333333336], [11393.5, 13345.333333333336], [11421.666666666668, 12510.000000000002], [11541.0, 12314.500000000004], [11787.0, 11898.833333333336]]

