vars = 50 ; constr = 4 
 # informations of B&B algorithm : 
total_times_used = 3601.92 
total_nodes = 143345 
pruned_nodes = 52541 
GAP = 0.0 
relaxation_time = 3465.54 
test_dominance_time = 0.16 
update_incumbent_time = 3.08 
tree_size = 307.786 
nb_nodes_EPB = 50766 
nb_nodes_VB = 92578 
root_relax = true 
TO = true 
rootLBS = 43 
LBSexhaustive = true 
 λ_strategy = 0 
 λ_min = 0 
 λ_max = 0 
λ_acc = 0.0 
total_time_cplex = 3383.834305047989 
total_time_fusion = 0.0 
heur = false 
heur_time = 0.0 
mixed = false 
mixed2 = false 



 # ----------- info about cuts : 
ite_total = 92908 
cuts_applied = 871 
sp_cuts = 341 
mp_cuts = 530 
cuts_total = 871 
times_calling_dicho = 3465.54 
times_calling_separators = 41.47 
times_oper_cutPool = 0.07 
times_total_for_cuts = 3372.65 
times_add_retrieve_cuts = 3.63 



size_Y_N = 122
Y_N = [[12274.75, 28851.75], [12423.0, 28677.75], [12432.0, 28650.75], [12447.0, 28591.75], [12652.5, 28543.75], [12715.5, 28530.75], [12753.5, 28431.75], [12800.0, 28280.75], [12884.0, 28220.0], [12971.5, 28166.75], [13034.5, 28153.75], [13066.0, 27965.75], [13066.5, 27937.75], [13145.75, 27926.25], [13324.75, 27899.0], [13459.5, 27787.0], [13482.0, 27626.0], [13529.75, 27623.75], [13616.75, 27514.0], [13630.75, 27379.0], [13631.25, 27308.25], [13973.5, 27302.0], [14041.5, 26933.0], [14063.0, 26857.0], [14072.0, 26830.0], [14081.5, 26820.0], [14204.5, 26752.0], [14210.0, 26576.25], [14236.0, 26574.75], [14293.0, 26505.75], [14361.75, 26479.0], [14368.5, 26344.5], [14393.25, 26301.75], [14498.75, 26293.75], [14528.5, 26213.75], [14650.75, 26031.25], [14661.75, 25896.75], [14724.75, 25859.0], [14756.5, 25857.75], [14780.75, 25708.0], [14801.5, 25650.0], [14906.25, 25593.0], [14953.25, 25446.25], [14983.75, 25330.5], [14991.75, 25320.25], [15063.5, 25320.0], [15068.0, 25160.5], [15099.0, 25109.0], [15208.75, 25105.75], [15234.0, 24979.5], [15281.25, 24785.0], [15282.5, 24755.0], [15316.5, 24746.25], [15333.5, 24624.0], [15364.75, 24621.25], [15395.5, 24535.5], [15446.25, 24472.75], [15460.75, 24385.75], [15473.0, 24375.25], [15490.75, 24351.0], [15531.75, 24207.75], [15653.0, 24195.0], [15687.5, 24049.75], [15694.5, 23907.75], [15707.0, 23849.5], [15767.5, 23830.25], [15770.75, 23795.75], [15794.25, 23723.5], [15817.5, 23694.0], [15822.75, 23566.5], [15843.75, 23541.0], [15916.5, 23534.5], [15947.0, 23511.0], [16026.5, 23486.0], [16109.75, 23326.75], [16115.5, 22992.0], [16164.0, 22843.0], [16205.25, 22791.5], [16337.25, 22486.5], [16462.5, 22199.25], [16554.0, 21684.75], [16622.0, 21560.0], [16670.0, 21467.25], [16689.5, 21409.25], [16704.75, 21293.0], [16714.75, 21260.75], [16720.0, 21206.75], [16735.25, 21200.75], [16840.0, 21139.75], [16853.25, 20851.0], [16954.5, 20811.0], [16964.25, 20685.5], [17003.75, 20673.0], [17068.25, 20592.5], [17152.0, 20473.0], [17175.75, 20133.25], [17226.5, 20114.5], [17290.25, 20098.75], [17348.75, 19851.0], [17371.75, 19404.0], [17403.25, 19293.0], [17477.5, 19289.5], [17492.0, 18884.0], [17517.5, 18668.0], [17569.5, 18572.0], [17638.75, 18540.25], [17702.25, 18132.5], [17788.25, 18040.25], [17807.75, 17982.25], [17904.75, 17753.25], [17912.0, 17630.75], [17918.0, 17428.5], [18011.0, 17348.0], [18020.0, 16820.25], [18028.5, 16784.25], [18088.5, 16578.25], [18114.5, 15891.0], [18120.0, 15813.5], [18217.5, 15684.75], [18228.25, 15464.5], [18250.5, 15046.75], [18276.0, 14170.0]]

