vars = 20 ; constr = 4 
 # informations of B&B algorithm : 
total_times_used = 5.22 
total_nodes = 439 
pruned_nodes = 215 
GAP = 0.0 
relaxation_time = 5.09 
test_dominance_time = 0.0 
update_incumbent_time = 0.01 
tree_size = 0.982 
nb_nodes_EPB = 0 
nb_nodes_VB = 438 
root_relax = true 
TO = false 
rootLBS = 9 
LBSexhaustive = false 
 位_strategy = 0 
 位_min = 1 
 位_max = 9 
位_acc = 2.6788154897494305 
total_time_cplex = 4.908019542694092 
total_time_fusion = 0.013078927993774414 


size_Y_N = 16
Y_N = [[6163.0, 7156.5], [6252.75, 7140.5], [6344.75, 7038.5], [6525.25, 7034.5], [6608.5, 6907.5], [6693.5, 6861.5], [6876.25, 6853.5], [7225.0, 6676.5], [7257.0, 6120.0], [7264.0, 6064.0], [7343.25, 6053.5], [7463.75, 5907.5], [7612.75, 5887.0], [7637.5, 5678.5], [7705.75, 5480.0], [7904.5, 5278.0]]

