vars = 40 ; constr = 6 
 # informations of B&B algorithm : 
total_times_used = 3600.92 
total_nodes = 273251 
pruned_nodes = 3901 
GAP = 0.0 
relaxation_time = 3556.16 
test_dominance_time = 0.0 
update_incumbent_time = 0.05 
tree_size = 3565.118 
nb_nodes_EPB = 0 
nb_nodes_VB = 273250 
root_relax = false 
TO = true 
rootLBS = 56 
LBSexhaustive = true 
 位_strategy = 0 
 位_min = 0 
 位_max = 0 
位_acc = 0.0 
total_time_cplex = 0.0 
total_time_fusion = 0.0 


size_Y_N = 2
Y_N = [[10676.333333333334, 12168.833333333332], [11626.166666666666, 10070.166666666668]]

