vars = 30 ; constr = 6 
 # informations of B&B algorithm : 
total_times_used = 3600.91 
total_nodes = 959973 
pruned_nodes = 175534 
GAP = 0.0 
relaxation_time = 3517.33 
test_dominance_time = 0.32 
update_incumbent_time = 0.13 
tree_size = 4190.069 
nb_nodes_EPB = 0 
nb_nodes_VB = 959972 
root_relax = false 
TO = true 
rootLBS = 41 
LBSexhaustive = true 
 λ_strategy = 0 
 λ_limit = 1048576 
 

size_Y_N = 9
Y_N = [[9182.666666666666, 9737.166666666664], [9428.333333333334, 9510.166666666666], [9623.5, 9370.333333333332], [9679.166666666668, 9174.499999999998], [9861.000000000002, 8679.0], [9938.0, 8111.000000000002], [9945.0, 7956.333333333335], [10226.833333333334, 7635.500000000002], [10414.166666666668, 6816.833333333334]]

