vars = 40 ; constr = 6 
 # informations of B&B algorithm : 
total_times_used = 3600.91 
total_nodes = 276821 
pruned_nodes = 3946 
GAP = 0.0 
relaxation_time = 3553.82 
test_dominance_time = 0.0 
update_incumbent_time = 0.06 
tree_size = 3603.087 
nb_nodes_EPB = 0 
nb_nodes_VB = 276820 
root_relax = false 
TO = true 
rootLBS = 56 
LBSexhaustive = true 
 λ_strategy = 0 
 λ_limit = 1048576 
 

size_Y_N = 2
Y_N = [[10676.333333333334, 12168.833333333332], [11626.166666666666, 10070.166666666668]]

