vars = 30 ; constr = 6 
 # informations of B&B algorithm : 
total_times_used = 3601.87 
total_nodes = 1259961 
pruned_nodes = 420989 
GAP = 0.0 
relaxation_time = 3468.96 
test_dominance_time = 2.73 
update_incumbent_time = 0.16 
tree_size = 4368.43 
nb_nodes_EPB = 0 
nb_nodes_VB = 1259960 
root_relax = false 
TO = true 
rootLBS = 44 
LBSexhaustive = true 
 位_strategy = 0 
 位_min = 0 
 位_max = 0 
位_acc = 0.0 
total_time_cplex = 0.0 
total_time_fusion = 0.0 


size_Y_N = 26
Y_N = [[5490.499999999999, 8095.500000000001], [5604.0, 7999.500000000001], [5709.333333333333, 7812.5], [5929.166666666668, 7747.5], [5954.833333333333, 7615.833333333335], [6049.166666666666, 7437.500000000001], [6116.833333333334, 7428.833333333334], [6216.0, 7307.500000000001], [6252.5, 7212.500000000001], [6298.166666666667, 7177.833333333334], [6362.166666666667, 7156.500000000001], [6366.000000000001, 7116.500000000001], [6418.833333333334, 7072.166666666668], [6470.166666666667, 6956.833333333334], [6552.833333333333, 6916.833333333334], [6597.666666666667, 6867.833333333334], [6611.333333333334, 6849.833333333333], [6671.5, 6824.833333333335], [6862.500000000001, 6717.833333333333], [7054.166666666668, 6486.833333333334], [7060.833333333334, 6118.166666666668], [7216.666666666669, 5961.166666666666], [7252.166666666667, 5835.5], [7337.499999999999, 5818.166666666667], [7399.666666666666, 5781.500000000001], [7796.5, 5230.499999999999]]

