vars = 40 ; constr = 6 
 # informations of B&B algorithm : 
total_times_used = 3600.91 
total_nodes = 970291 
pruned_nodes = 230164 
GAP = 0.0 
relaxation_time = 3510.37 
test_dominance_time = 0.05 
update_incumbent_time = 0.1 
tree_size = 4115.542 
nb_nodes_EPB = 0 
nb_nodes_VB = 970290 
root_relax = false 
TO = true 
rootLBS = 33 
LBSexhaustive = true 
 λ_strategy = 0 
 λ_limit = 1048576 
 

size_Y_N = 2
Y_N = [[5927.166666666666, 5676.0], [6258.666666666667, 4807.0]]

