vars = 30 ; constr = 6 
 # informations of B&B algorithm : 
total_times_used = 3600.9 
total_nodes = 982945 
pruned_nodes = 183455 
GAP = 0.0 
relaxation_time = 3502.21 
test_dominance_time = 0.28 
update_incumbent_time = 0.1 
tree_size = 4281.628 
nb_nodes_EPB = 0 
nb_nodes_VB = 982944 
root_relax = false 
TO = true 
rootLBS = 41 
LBSexhaustive = true 
 位_strategy = 0 
 位_min = 0 
 位_max = 0 
位_acc = 0.0 
total_time_cplex = 0.0 
total_time_fusion = 0.0 


size_Y_N = 9
Y_N = [[9182.666666666666, 9737.166666666664], [9428.333333333334, 9510.166666666666], [9623.5, 9370.333333333332], [9679.166666666668, 9174.499999999998], [9861.000000000002, 8679.0], [9938.0, 8111.000000000002], [9945.0, 7956.333333333335], [10226.833333333334, 7635.500000000002], [10414.166666666668, 6816.833333333334]]

