vars = 15 ; constr = 1 
total_times_used = 3.88
size_Y_N = 11
Y_N = [[33.0, 48.0], [43.0, 47.0], [44.0, 46.0], [47.0, 44.0], [48.0, 43.0], [52.0, 42.0], [54.0, 40.0], [56.00000000000001, 37.00000000000001], [59.0, 36.0], [62.0, 30.0], [64.0, 26.0]]
