vars = 20 ; constr = 1 
total_times_used = 4.66
size_Y_N = 16
Y_N = [[45.0, 65.0], [46.0, 63.0], [50.0, 62.0], [54.0, 61.0], [57.0, 60.0], [58.0, 59.0], [61.0, 58.0], [62.0, 57.0], [63.0, 55.0], [65.0, 54.0], [67.0, 51.99999999999999], [68.0, 51.0], [70.0, 48.0], [71.0, 45.0], [72.0, 44.0], [74.00000000000001, 41.00000000000001]]
