vars = 15 ; constr = 1 
total_times_used = 3.51
size_Y_N = 3
Y_N = [[15039.000000000011, 13928.000000000011], [15702.0, 13833.0], [15937.0, 13681.0]]
