vars = 15 ; constr = 1 
total_times_used = 4.8
size_Y_N = 17
Y_N = [[1095.0, 6989.0], [1169.0, 6918.0], [1605.0, 6895.0], [1707.0, 6889.0], [1767.0, 6403.0], [1830.0, 6353.0], [1841.0, 6332.0], [2379.0, 6330.0], [2400.0, 5773.0], [2474.0, 5702.0], [2869.0, 5692.0], [2973.0, 5571.0], [3127.0, 5550.0], [3356.0, 4774.0], [3470.0000000000005, 4227.000000000002], [3574.0, 4106.0], [3728.0, 4085.0]]
