vars = 15 ; constr = 1 
total_times_used = 4.17
size_Y_N = 14
Y_N = [[22.0, 63.0], [34.0, 59.0], [36.0, 58.0], [37.0, 57.0], [39.0, 54.0], [40.0, 53.0], [47.0, 52.0], [48.0, 51.0], [51.00000000000001, 46.000000000000014], [53.0, 45.0], [54.0, 44.0], [55.0, 39.0], [59.0, 37.0], [60.0, 22.0]]
