vars = 15 ; constr = 1 
total_times_used = 5.26
size_Y_N = 15
Y_N = [[11644.0, 13825.0], [11702.0, 13813.0], [12395.0, 13606.0], [12453.0, 13594.0], [12541.0, 13505.0], [12717.0, 13472.0], [12820.0, 13393.0], [12828.0, 13365.0], [12853.0, 13339.0], [13092.000000000005, 13242.999999999975], [13112.0, 13163.0], [13170.0, 13151.0], [13545.0, 12922.0], [13589.0, 12553.0], [13622.0, 12499.0]]
