vars = 20 ; constr = 1 
total_times_used = 5.07
size_Y_N = 20
Y_N = [[30.0, 96.0], [32.0, 92.0], [39.0, 91.0], [42.0, 90.0], [43.0, 88.0], [48.0, 85.0], [50.0, 84.0], [51.0, 79.0], [53.0, 78.0], [55.0, 75.0], [56.0, 70.0], [57.00000000000011, 68.99999999999775], [58.0, 68.0], [59.0, 64.0], [60.0, 62.0], [61.0, 61.0], [62.0, 60.0], [63.0, 47.0], [64.0, 46.0], [65.0, 45.0]]
