vars = 20 ; constr = 1 
total_times_used = 4.28
size_Y_N = 11
Y_N = [[59.0, 67.0], [61.0, 65.0], [67.0, 64.0], [70.0, 63.0], [73.0, 60.0], [75.0, 56.0], [76.0, 54.0], [77.0, 50.0], [78.0, 47.0], [80.0, 44.0], [80.00000000000003, 34.00000000000002]]
