vars = 10 ; constr = 1 
total_times_used = 3.71
size_Y_N = 5
Y_N = [[2072.0, 3775.0], [3337.0, 3741.0], [3345.0, 3573.0], [3429.000000000002, 3472.0000000000023], [4027.0, 3387.0]]
