vars = 20 ; constr = 1 
total_times_used = 4.41
size_Y_N = 9
Y_N = [[36.0, 100.0], [38.0, 99.0], [39.0, 96.0], [43.000000000000846, 94.00000000000323], [45.0, 93.0], [51.0, 92.0], [56.0, 86.0], [59.0, 74.0], [60.0, 71.0]]
