vars = 15 ; constr = 1 
total_times_used = 5.78
size_Y_N = 29
Y_N = [[11397.0, 13363.0], [11403.0, 13311.0], [11423.0, 13170.0], [11505.0, 13155.0], [11623.0, 13152.0], [11629.0, 13100.0], [12155.0, 12899.0], [12257.0, 12743.0], [12263.0, 12691.0], [12381.0, 12688.0], [12445.0, 12145.0], [12889.0, 12106.0], [12974.0, 12057.0], [12982.00000000004, 11906.999999999953], [13039.0, 11868.0], [13073.0, 11788.0], [13079.0, 11736.0], [13092.0, 11708.0], [13124.0, 11487.0], [13148.0, 11442.0], [13584.0, 11353.0], [13588.0, 11248.0], [13705.0, 11151.0], [13750.0, 10888.0], [13754.0, 10783.0], [13805.0, 10482.0], [14246.0, 10428.0], [14258.0, 10306.0], [14404.0, 10293.0]]
