vars = 15 ; constr = 1 
total_times_used = 4.83
size_Y_N = 18
Y_N = [[1878.0, 6359.0], [2871.0, 5939.0], [2886.0, 5705.0], [3015.0, 5649.0], [3985.0, 5402.0], [4415.0, 5374.0], [4417.0, 5177.0], [4973.0, 4792.0], [4975.0, 4595.0], [4988.0, 4558.0], [5185.000000000003, 4541.000000000002], [5302.0, 4515.0], [5322.0, 4452.0], [5955.0, 4007.0], [6087.0, 3138.0], [6107.0, 3075.0], [6378.0, 2295.0], [6649.0, 2256.0]]
