vars = 20 ; constr = 1 
total_times_used = 4.41
size_Y_N = 12
Y_N = [[59.99999999999999, 78.0], [64.0, 77.0], [67.0, 75.0], [69.0, 74.0], [74.00000000000004, 73.00000000000006], [77.0, 72.0], [79.0, 68.0], [80.0, 67.0], [81.0, 64.0], [83.0, 63.0], [84.0, 61.0], [87.0, 58.0]]
