vars = 20 ; constr = 1 
total_times_used = 5.18
size_Y_N = 14
Y_N = [[30.0, 58.0], [36.0, 57.0], [44.99999999999993, 55.99999999999989], [46.0, 55.0], [50.0, 54.0], [52.00000000000001, 50.0], [54.0, 48.0], [56.0, 46.0], [57.0, 43.0], [58.0, 42.0], [59.0, 40.0], [60.0, 39.0], [61.0, 35.0], [62.0, 30.0]]
