vars = 10 ; constr = 1 
total_times_used = 4.09
size_Y_N = 11
Y_N = [[1818.0, 2167.0], [1998.0, 2111.0], [2081.0, 2090.0], [2115.0, 2083.0], [2476.0, 1927.0], [2501.0, 1869.0], [2681.0, 1813.0], [2787.0, 1538.0], [2883.0, 1230.0], [2959.000000000038, 1092.0000000000273], [3076.0, 1064.0]]
