vars = 20 ; constr = 1 
total_times_used = 5.29
size_Y_N = 20
Y_N = [[45.0, 77.0], [49.0, 73.0], [51.000000000000135, 71.99999999999997], [52.0, 71.0], [53.0, 69.0], [55.0, 68.0], [61.0, 67.0], [62.0, 65.0], [66.0, 61.0], [68.00000000000003, 59.99999999999997], [69.0, 59.0], [72.0, 54.0], [73.0, 53.0], [75.00000000000006, 47.000000000000014], [77.0, 46.0], [78.0, 45.0], [79.0, 39.0], [81.0, 37.0], [83.0, 30.0], [85.0, 29.0]]
