vars = 20 ; constr = 1 
total_times_used = 3.41
size_Y_N = 3
Y_N = [[19497.0, 19856.0], [19798.0, 19802.0], [19831.000000000007, 19262.999999999978]]
