vars = 15 ; constr = 1 
total_times_used = 4.15
size_Y_N = 8
Y_N = [[46.0, 64.0], [51.00000000000148, 61.9999999999959], [57.0, 61.0], [60.0, 59.0], [63.0, 56.0], [65.0, 54.0], [66.0, 53.0], [67.0, 50.0]]
