vars = 20 ; constr = 1 
total_times_used = 3.75
size_Y_N = 8
Y_N = [[82.0, 69.0], [84.00000000000003, 67.00000000000001], [86.0, 66.0], [91.0, 65.0], [93.0, 63.0], [99.0, 62.0], [101.0, 60.0], [102.0, 53.0]]
