vars = 20 ; constr = 1 
total_times_used = 3.52
size_Y_N = 5
Y_N = [[17289.0, 15828.0], [17801.0, 15631.0], [18236.0, 15194.0], [18278.999999999996, 15178.999999999996], [18687.0, 14830.0]]
