vars = 15 ; constr = 1 
total_times_used = 3.89
size_Y_N = 8
Y_N = [[11901.0, 14820.0], [12033.0, 14758.0], [12796.0, 14217.0], [12878.00000000001, 14098.00000000001], [13010.0, 14036.0], [13623.0, 13503.0], [13633.0, 13389.0], [13837.0, 13322.0]]
