vars = 20 ; constr = 1 
total_times_used = 4.7
size_Y_N = 20
Y_N = [[43.0, 82.0], [45.0, 81.0], [47.0, 80.0], [50.00000000000001, 77.99999999999999], [51.0, 77.0], [55.0, 76.0], [56.0, 75.0], [57.0, 74.0], [63.0, 71.0], [64.0, 70.0], [71.0, 63.0], [72.0, 56.0], [73.0, 55.0], [74.0, 54.0], [77.0, 49.0], [78.0, 48.0], [79.0, 47.0], [80.0, 32.0], [81.0, 31.0], [85.0, 22.0]]
