vars = 15 ; constr = 1 
total_times_used = 4.88
size_Y_N = 16
Y_N = [[21.0, 61.0], [30.0, 58.0], [36.0, 55.0], [38.0, 54.0], [39.0, 53.0], [44.0, 51.0], [45.0, 50.0], [47.0, 49.0], [48.0, 47.0], [51.0, 46.0], [52.00000000000001, 44.99999999999999], [53.0, 44.0], [54.0, 43.0], [55.0, 41.0], [59.0, 38.0], [60.0, 28.0]]
