vars = 15 ; constr = 1 
total_times_used = 4.68
size_Y_N = 14
Y_N = [[1954.0, 6301.0], [2846.0, 5894.0], [3651.0, 5873.0], [3781.0, 5752.0], [4376.000000000005, 5246.000000000025], [4519.0, 5237.0], [5070.0, 4566.0], [5272.0, 4562.0], [5658.0, 3774.0], [5824.0, 2988.0], [5832.0, 2953.0], [5930.0, 2849.0], [5978.0, 2039.0], [6274.0, 2037.0]]
