vars = 20 ; constr = 1 
total_times_used = 4.4
size_Y_N = 13
Y_N = [[60.0, 88.0], [61.0, 87.0], [67.0, 86.0], [68.0, 85.0], [70.00000000000007, 84.00000000000004], [75.0, 83.0], [79.0, 79.0], [80.0, 78.0], [83.0, 77.0], [84.0, 72.0], [86.0, 70.0], [87.0, 65.0], [88.0, 59.0]]
