vars = 10 ; constr = 1 
total_times_used = 4.24
size_Y_N = 14
Y_N = [[6472.0, 8697.0], [6528.0, 8634.0], [7167.0, 8077.0], [7231.0, 8040.0], [7310.0, 7867.0], [7413.0, 7846.0], [7926.000000000119, 7419.999999999835], [8108.0, 7226.0], [8130.0, 6674.0], [8186.0, 6611.0], [8408.0, 6540.0], [8511.0, 6519.0], [8689.0, 6486.0], [9071.0, 5823.0]]
