vars = 20 ; constr = 1 
total_times_used = 4.13
size_Y_N = 12
Y_N = [[41.0, 65.0], [43.0, 63.0], [45.9999999999999, 62.00000000000006], [49.00000000000001, 60.99999999999999], [50.0, 60.0], [54.0, 58.0], [56.0, 56.0], [58.0, 54.0], [61.0, 53.0], [62.0, 49.0], [64.0, 48.0], [65.0, 41.0]]
