vars = 20 ; constr = 1 
total_times_used = 5.37
size_Y_N = 24
Y_N = [[2838.0, 6625.0], [3021.0, 6552.0], [4044.0, 6549.0], [4509.0, 6065.0], [4554.0, 5961.0], [4632.0, 5888.0], [4710.0, 5886.0], [4738.0, 5780.0], [4803.0, 5512.0], [4881.000000000002, 5439.000000000001], [4959.0, 5437.0], [5004.0, 5333.0], [5007.0, 5278.0], [5082.0, 5260.0], [5208.0, 5228.0], [5409.0, 5049.0], [5424.0, 4548.0], [5452.0, 4442.0], [5496.0, 4247.0], [5524.0, 4141.0], [5569.0, 4037.0], [5602.0, 3808.0], [5630.0, 3702.0], [5636.0, 3268.0]]
