vars = 20 ; constr = 1 
total_times_used = 6.12
size_Y_N = 33
Y_N = [[5323.0, 6103.0], [5342.0, 6048.0], [5381.0, 6042.0], [5399.0, 6022.0], [5539.0, 5997.0], [5578.0, 5991.0], [5632.0, 5957.0], [5651.0, 5902.0], [5690.0, 5896.0], [5708.0, 5876.0], [5848.0, 5851.0], [5887.0, 5845.0], [5906.0, 5790.0], [5924.0, 5770.0], [6041.0, 5581.0], [6080.0, 5575.0], [6961.0, 5538.0], [6998.0, 5463.0], [7037.0, 5457.0], [7196.0, 4940.0], [7213.0, 4914.0], [7538.0, 4877.0], [7575.000000000009, 4801.999999999989], [7614.0, 4796.0], [7771.000000000022, 4476.999999999989], [7783.0, 4348.0], [7800.0, 4322.0], [7944.0, 4265.0], [7956.0, 4136.0], [7973.0, 4110.0], [8348.0, 3816.0], [8531.0, 3673.0], [8920.999999999989, 3081.000000000029]]
