vars = 20 ; constr = 1 
total_times_used = 3.62
size_Y_N = 6
Y_N = [[17339.000000000007, 18423.999999999993], [18034.0, 18364.0], [18184.0, 18070.0], [18185.0, 17852.0], [18700.0, 17806.0], [18907.0, 17634.0]]
