vars = 20 ; constr = 1 
total_times_used = 4.95
size_Y_N = 17
Y_N = [[3817.0, 7819.0], [4065.0, 7787.0], [4807.0, 7782.0], [4898.0, 7522.0], [4986.0, 7455.0], [5073.0, 7415.0], [5178.0, 7402.0], [5406.0, 7328.0], [5561.0, 7275.0], [5585.0, 7001.0], [5740.0, 6948.0], [5827.0, 6908.0], [5832.0, 6801.0], [5875.0, 6702.0], [6044.0, 6572.0], [6253.0, 6381.0], [6364.000000000005, 5644.000000000009]]
