vars = 10 ; constr = 1 
total_times_used = 3.37
size_Y_N = 6
Y_N = [[39.0, 40.0], [42.0, 39.0], [43.00000000000001, 37.00000000000001], [44.0, 34.0], [47.0, 33.0], [48.0, 31.0]]
