vars = 20 ; constr = 1 
total_times_used = 4.58
size_Y_N = 17
Y_N = [[3745.0, 7831.0], [3749.0, 7789.0], [4912.0, 7782.0], [5161.0, 7511.0], [5185.0, 7468.0], [5255.0, 7415.0], [6398.0, 7379.0], [7241.0, 6557.0], [7267.0, 5667.0], [7452.0, 5554.0], [7842.0, 5067.0], [7885.0, 5064.0], [7993.0, 4097.0], [8050.0, 3909.0], [8314.000000000025, 3381.0000000001432], [8382.0, 3327.0000000000023], [8421.0, 2131.0]]
