vars = 15 ; constr = 1 
total_times_used = 5.0
size_Y_N = 18
Y_N = [[1686.0, 5880.0], [2844.0, 5788.0], [2969.0, 5724.0], [3083.0, 5609.0], [3095.0, 5583.0], [3220.0, 5519.0], [3229.0, 5379.0], [4153.000000000002, 5349.000000000002], [4387.0, 5287.0], [4404.0, 5144.0], [4416.0, 5020.0], [4795.0, 4735.0], [4969.0, 4715.0], [5233.0, 3912.0], [5384.0, 3883.0], [5598.0, 2330.0], [5606.0, 2288.0], [5608.0, 2017.0]]
