vars = 10 ; constr = 1 
total_times_used = 3.64
size_Y_N = 6
Y_N = [[11.0, 38.0], [14.0, 37.0], [22.999999999999957, 32.999999999999986], [26.0, 32.0], [29.0, 26.0], [32.0, 25.0]]
