vars = 20 ; constr = 1 
total_times_used = 4.28
size_Y_N = 13
Y_N = [[35.00000000030293, 65.99999999994951], [40.0, 64.0], [48.0, 63.0], [49.0, 62.0], [51.0, 61.0], [52.0, 60.0], [56.0, 59.0], [57.00000000000003, 58.00000000000002], [60.0, 57.0], [62.0, 55.0], [63.0, 52.0], [64.0, 50.0], [66.0, 46.0]]
