vars = 15 ; constr = 1 
total_times_used = 4.41
size_Y_N = 12
Y_N = [[36.0, 66.0], [39.0, 63.0], [41.0, 61.0], [44.0, 60.0], [45.000000000000014, 59.0], [47.0, 57.0], [48.0, 55.0], [53.00000000000001, 54.0], [56.0, 51.0], [57.0, 48.0], [58.0, 37.0], [59.0, 36.0]]
