vars = 20 ; constr = 1 
total_times_used = 3.96
size_Y_N = 9
Y_N = [[58.0, 87.0], [62.0, 86.0], [63.0, 85.0], [67.0, 84.0], [72.00000000000004, 83.00000000000009], [76.0, 82.0], [78.0, 78.0], [82.0, 77.0], [83.0, 71.0]]
