vars = 20 ; constr = 1 
total_times_used = 3.81
size_Y_N = 7
Y_N = [[70.0, 83.0], [72.0, 80.0], [73.0, 79.0], [75.0, 75.0], [77.0, 72.0], [78.0, 71.0], [80.00000000000011, 64.00000000000004]]
