vars = 20 ; constr = 1 
total_times_used = 3.66
size_Y_N = 5
Y_N = [[17388.0, 21474.0], [18115.0, 20644.0], [18146.999999999996, 20618.999999999993], [18250.0, 20602.0], [18874.0, 19789.0]]
