vars = 20 ; constr = 1 
total_times_used = 3.83
size_Y_N = 7
Y_N = [[15342.0, 17370.0], [17620.0, 17352.0], [17777.0, 17241.0], [18407.0, 16556.0], [18459.0, 16542.0], [18566.0, 16499.0], [19248.000000000004, 15800.000000000004]]
