vars = 15 ; constr = 1 
total_times_used = 3.64
size_Y_N = 7
Y_N = [[43.0, 75.0], [44.0, 74.0], [49.000000000000014, 72.99999999999999], [50.0, 72.0], [51.0, 71.0], [54.0, 70.0], [55.0, 59.0]]
