vars = 40 ; constr = 6 
 # informations of B&B algorithm : 
total_times_used = 3601.67 
total_nodes = 304486 
pruned_nodes = 139943 
GAP = 0.0 
relaxation_time = 3480.19 
test_dominance_time = 0.4 
update_incumbent_time = 0.22 
tree_size = 814.696 
nb_nodes_EPB = 134261 
nb_nodes_VB = 170224 
root_relax = true 
TO = true 
rootLBS = 37 
LBSexhaustive = false 
 位_strategy = 0 
 位_min = 0 
 位_max = 0 
位_acc = 0.0 
total_time_cplex = 0.0 
total_time_fusion = 0.0 


size_Y_N = 52
Y_N = [[7574.833333333332, 18528.499999999996], [8157.833333333332, 18400.999999999996], [8221.166666666664, 18218.166666666664], [8380.833333333332, 18086.833333333332], [8411.166666666664, 18046.833333333332], [8553.0, 17942.833333333332], [8566.666666666664, 17935.999999999996], [8567.333333333332, 17897.833333333332], [8782.166666666666, 17896.999999999996], [8802.333333333332, 17738.999999999996], [8880.0, 17602.999999999996], [8893.5, 17559.666666666664], [8934.833333333332, 17532.999999999996], [8966.333333333332, 17489.666666666664], [8997.0, 17475.999999999996], [9027.5, 17426.999999999996], [9094.5, 17401.666666666664], [9124.833333333332, 17361.666666666664], [9212.333333333332, 17348.999999999996], [9320.166666666666, 17325.666666666664], [9424.166666666666, 17147.666666666664], [9441.499999999998, 16857.33333333333], [9474.833333333332, 16846.666666666668], [9717.166666666668, 16775.666666666668], [9794.5, 16644.166666666668], [9823.833333333332, 16399.333333333336], [9921.333333333334, 16336.333333333334], [9953.333333333332, 16153.833333333336], [10024.999999999998, 16060.5], [10105.166666666666, 16058.000000000002], [10168.666666666666, 15996.000000000002], [10222.666666666666, 15959.500000000002], [10250.666666666668, 15690.500000000002], [10299.5, 15643.833333333334], [10367.0, 15620.833333333334], [10377.0, 15417.66666666667], [10402.0, 15355.000000000002], [10412.833333333334, 15285.833333333334], [10507.166666666666, 15269.500000000002], [10507.833333333334, 15174.500000000002], [10610.166666666668, 15105.166666666668], [10788.333333333334, 14770.500000000002], [10936.333333333334, 14616.833333333334], [11040.0, 14289.000000000004], [11120.0, 14199.000000000004], [11158.833333333334, 13732.833333333336], [11239.166666666668, 13591.5], [11299.0, 13542.66666666667], [11393.5, 13345.333333333336], [11421.666666666668, 12510.000000000002], [11541.0, 12314.500000000004], [11787.0, 11898.833333333336]]

