vars = 20 ; constr = 2 
 # informations of B&B algorithm : 
total_times_used = 1.89 
total_nodes = 303 
pruned_nodes = 184 
GAP = 0.0 
relaxation_time = 1.84 
test_dominance_time = 0.0 
update_incumbent_time = 0.0 
tree_size = 0.573 
nb_nodes_EPB = 114 
nb_nodes_VB = 188 
root_relax = true 
TO = false 
rootLBS = 7 
LBSexhaustive = false 
 位_strategy = 0 
 位_min = 1 
 位_max = 13 
位_acc = 2.6303630363036303 
total_time_cplex = 1.6922483444213867 
total_time_fusion = 0.007670164108276367 


size_Y_N = 23
Y_N = [[5323.5, 10433.0], [5367.0, 10381.0], [5547.5, 10323.0], [5612.5, 10216.0], [5624.5, 10164.0], [5628.0, 10126.0], [5740.0, 10051.0], [5785.5, 9907.0], [5817.0, 9892.0], [5994.0, 9750.0], [6056.5, 9501.5], [6182.5, 9440.5], [6280.5, 9390.5], [6287.0, 9276.5], [6483.5, 9171.5], [6503.0, 8928.5], [6530.5, 8675.0], [6711.5, 8645.0], [6723.5, 8593.0], [6788.5, 8486.0], [6837.5, 8393.0], [6992.5, 8350.0], [7039.0, 7607.5]]

