vars = 30 ; constr = 2 
 # informations of B&B algorithm : 
total_times_used = 45.08 
total_nodes = 3855 
pruned_nodes = 2104 
GAP = 0.0 
relaxation_time = 43.84 
test_dominance_time = 0.0 
update_incumbent_time = 0.02 
tree_size = 7.816 
nb_nodes_EPB = 768 
nb_nodes_VB = 3086 
root_relax = true 
TO = false 
rootLBS = 18 
LBSexhaustive = false 
 位_strategy = 0 
 位_min = 1 
 位_max = 17 
位_acc = 2.419195849546044 
total_time_cplex = 42.65055012702942 
total_time_fusion = 0.09148740768432617 


size_Y_N = 33
Y_N = [[12226.5, 13024.5], [12957.5, 12992.5], [13093.5, 12882.5], [13287.5, 12864.5], [13294.5, 12829.5], [13325.5, 12828.5], [13369.0, 12728.5], [13393.0, 12716.5], [13407.0, 12692.5], [13577.5, 12683.5], [14332.0, 12572.5], [14482.5, 12496.5], [14617.0, 12228.5], [14823.5, 11964.5], [14824.5, 11745.5], [14859.0, 11671.5], [14860.5, 11532.5], [15108.0, 11481.5], [15152.0, 11391.5], [15155.0, 11373.5], [15197.5, 11369.5], [15302.5, 11315.5], [15677.0, 11236.5], [15865.5, 10594.5], [15928.0, 10300.5], [15977.5, 9920.5], [15982.5, 9498.0], [16096.5, 9215.5], [16134.5, 9003.5], [16171.0, 8856.0], [16272.0, 8022.0], [16319.5, 7943.0], [16337.0, 7914.0]]

