vars = 30 ; constr = 4 
 # informations of B&B algorithm : 
total_times_used = 64.51 
total_nodes = 2326 
pruned_nodes = 1203 
GAP = 0.0 
relaxation_time = 64.07 
test_dominance_time = 0.0 
update_incumbent_time = 0.03 
tree_size = 5.742 
nb_nodes_EPB = 385 
nb_nodes_VB = 1940 
root_relax = true 
TO = false 
rootLBS = 11 
LBSexhaustive = false 
 位_strategy = 0 
 位_min = 1 
 位_max = 20 
位_acc = 4.064058469475494 
total_time_cplex = 62.18256735801697 
total_time_fusion = 0.1828014850616455 


size_Y_N = 14
Y_N = [[8678.75, 9468.75], [8809.5, 9440.75], [8907.0, 9423.75], [9205.0, 9390.75], [9254.5, 9321.75], [9255.25, 9275.75], [9559.75, 9266.75], [9572.0, 9148.75], [9732.25, 9074.75], [9868.25, 9002.75], [9970.5, 8742.75], [10024.5, 8310.0], [10050.25, 8031.0], [10081.75, 7778.0]]

