vars = 20 ; constr = 4 
 # informations of B&B algorithm : 
total_times_used = 28.88 
total_nodes = 1418 
pruned_nodes = 781 
GAP = 0.0 
relaxation_time = 28.64 
test_dominance_time = 0.0 
update_incumbent_time = 0.01 
tree_size = 2.484 
nb_nodes_EPB = 295 
nb_nodes_VB = 1122 
root_relax = true 
TO = false 
rootLBS = 24 
LBSexhaustive = false 
 位_strategy = 0 
 位_min = 1 
 位_max = 23 
位_acc = 2.840620592383639 
total_time_cplex = 28.153989553451538 
total_time_fusion = 0.05662274360656738 


size_Y_N = 15
Y_N = [[3768.0, 5787.0], [3840.5, 5784.25], [3931.75, 5755.0], [4255.75, 5610.25], [4409.25, 5289.75], [4487.75, 5201.0], [4645.25, 5126.75], [4694.0, 5061.25], [4715.5, 4907.5], [4832.75, 4878.25], [4876.75, 4760.25], [4974.0, 4499.25], [4987.75, 4487.75], [5147.75, 4383.75], [5295.75, 4328.75]]

