vars = 40 ; constr = 6 
 # informations of B&B algorithm : 
total_times_used = 3601.64 
total_nodes = 188479 
pruned_nodes = 13258 
GAP = 0.0 
relaxation_time = 3568.2 
test_dominance_time = 0.34 
update_incumbent_time = 3.63 
tree_size = 598.286 
nb_nodes_EPB = 0 
nb_nodes_VB = 188478 
root_relax = true 
TO = true 
rootLBS = 37 
LBSexhaustive = false 
 位_strategy = 0 
 位_min = 0 
 位_max = 0 
位_acc = 0.0 
total_time_cplex = 0.0 
total_time_fusion = 0.0 


size_Y_N = 34
Y_N = [[7574.833333333332, 18528.499999999996], [8157.833333333332, 18400.999999999996], [8221.166666666664, 18218.166666666664], [8347.333333333332, 17947.333333333332], [8553.0, 17942.833333333332], [8567.333333333332, 17897.833333333332], [8782.166666666666, 17896.999999999996], [8802.333333333332, 17738.999999999996], [8893.5, 17559.666666666664], [8934.833333333332, 17532.999999999996], [8966.333333333332, 17489.666666666664], [9320.166666666666, 17325.666666666664], [9376.166666666666, 17027.666666666664], [9464.999999999998, 16752.499999999996], [9496.499999999998, 16682.5], [9503.999999999998, 16645.0], [9558.166666666666, 16462.5], [9721.5, 16356.333333333336], [9749.833333333332, 16018.166666666668], [9797.166666666666, 16013.833333333336], [9958.166666666666, 15963.0], [10367.0, 15620.833333333334], [10396.5, 15116.500000000002], [10463.166666666666, 14927.333333333336], [10535.166666666666, 14799.333333333334], [10578.333333333334, 14769.833333333334], [10936.333333333334, 14616.833333333334], [10951.833333333334, 14434.000000000002], [11116.5, 13958.5], [11239.166666666668, 13591.5], [11393.5, 13345.333333333336], [11421.666666666668, 12510.000000000002], [11541.0, 12314.500000000004], [11787.0, 11898.833333333336]]

