vars = 30 ; constr = 6 
 # informations of B&B algorithm : 
total_times_used = 42.35 
total_nodes = 3463 
pruned_nodes = 1730 
GAP = 0.0 
relaxation_time = 41.77 
test_dominance_time = 0.01 
update_incumbent_time = 0.03 
tree_size = 9.051 
nb_nodes_EPB = 0 
nb_nodes_VB = 3462 
root_relax = true 
TO = false 
rootLBS = 20 
LBSexhaustive = false 
 位_strategy = 0 
 位_min = 1 
 位_max = 19 
位_acc = 1.9569737222061796 
total_time_cplex = 40.4274160861969 
total_time_fusion = 0.06444740295410156 


size_Y_N = 10
Y_N = [[13485.333333333332, 12158.333333333334], [13594.833333333334, 12139.333333333334], [13701.833333333334, 11997.333333333334], [13833.833333333334, 11842.333333333334], [13904.666666666666, 11700.333333333334], [14036.0, 11627.333333333334], [14259.0, 11527.333333333334], [14317.5, 11160.833333333334], [14536.333333333334, 10940.333333333334], [14580.666666666666, 9834.5]]

