vars = 40 ; constr = 6 
 # informations of B&B algorithm : 
total_times_used = 3601.28 
total_nodes = 280139 
pruned_nodes = 31655 
GAP = 0.0 
relaxation_time = 3550.59 
test_dominance_time = 0.65 
update_incumbent_time = 6.26 
tree_size = 877.02 
nb_nodes_EPB = 0 
nb_nodes_VB = 280138 
root_relax = true 
TO = true 
rootLBS = 25 
LBSexhaustive = false 
 位_strategy = 0 
 位_min = 0 
 位_max = 0 
位_acc = 0.0 
total_time_cplex = 0.0 
total_time_fusion = 0.0 


size_Y_N = 33
Y_N = [[11428.833333333332, 14771.999999999998], [11693.833333333332, 14747.999999999998], [11735.5, 14699.999999999996], [11812.166666666664, 14698.666666666662], [12482.0, 14683.666666666662], [12488.833333333332, 14673.666666666662], [12527.333333333334, 14631.666666666662], [12570.166666666666, 14590.666666666662], [12640.166666666664, 14495.666666666662], [12666.5, 14450.666666666662], [12836.833333333332, 14377.666666666662], [12861.666666666666, 14289.666666666662], [12888.666666666666, 14204.66666666666], [12891.833333333334, 14201.666666666662], [12936.333333333332, 14199.666666666664], [13025.499999999998, 14186.666666666662], [13176.5, 14148.666666666662], [13628.833333333334, 14054.333333333328], [13657.999999999998, 13456.66666666666], [14048.5, 13272.666666666662], [14357.166666666666, 12979.999999999995], [14367.166666666666, 12405.333333333328], [14401.0, 12322.666666666662], [14584.999999999998, 12290.333333333328], [14722.999999999998, 12284.333333333328], [14732.333333333334, 11922.333333333328], [14739.333333333332, 11828.333333333328], [14790.499999999998, 11796.333333333328], [14813.166666666664, 11662.33333333333], [14819.499999999998, 11396.499999999996], [14889.666666666666, 11327.499999999996], [15028.333333333332, 11117.499999999996], [15029.0, 9970.33333333333]]

