vars = 40 ; constr = 6 
 # informations of B&B algorithm : 
total_times_used = 3601.4 
total_nodes = 264883 
pruned_nodes = 12760 
GAP = 0.0 
relaxation_time = 3547.62 
test_dominance_time = 0.36 
update_incumbent_time = 9.48 
tree_size = 871.89 
nb_nodes_EPB = 0 
nb_nodes_VB = 264882 
root_relax = true 
TO = true 
rootLBS = 34 
LBSexhaustive = false 
 位_strategy = 0 
 位_min = 0 
 位_max = 0 
位_acc = 0.0 
total_time_cplex = 0.0 
total_time_fusion = 0.0 


size_Y_N = 47
Y_N = [[9929.0, 13926.5], [10399.166666666668, 13854.333333333332], [10661.0, 13769.333333333332], [10837.0, 13748.333333333332], [10849.0, 13737.333333333332], [10984.333333333334, 13723.333333333332], [10998.5, 13667.333333333332], [11119.5, 13561.333333333332], [11150.333333333334, 13445.333333333332], [11150.666666666666, 13443.333333333332], [11510.0, 13308.333333333332], [11514.333333333334, 13223.333333333332], [11568.666666666666, 12755.666666666666], [11709.333333333334, 12351.833333333332], [11910.5, 12342.5], [12126.833333333334, 12068.166666666666], [12226.500000000002, 11856.166666666668], [12334.0, 11678.666666666668], [12475.5, 11630.5], [12483.5, 11448.833333333334], [12575.333333333332, 11447.833333333334], [12576.333333333332, 11368.0], [12612.500000000002, 11294.5], [12642.5, 11263.0], [12752.0, 11261.333333333334], [12855.5, 11076.0], [12872.666666666668, 10802.833333333332], [12989.833333333332, 10768.833333333336], [12994.666666666666, 10666.333333333336], [12997.166666666666, 10508.0], [13014.333333333332, 10429.833333333334], [13037.333333333332, 10336.833333333334], [13047.333333333332, 10225.333333333336], [13058.333333333332, 10202.833333333334], [13107.666666666666, 10174.333333333334], [13147.166666666666, 10167.166666666666], [13201.0, 10000.833333333334], [13219.5, 9892.833333333334], [13245.5, 9815.166666666668], [13252.0, 9723.833333333334], [13407.333333333332, 9539.333333333334], [13438.833333333332, 8713.000000000002], [13462.833333333332, 8539.0], [13464.833333333334, 8532.166666666666], [13470.166666666666, 8400.833333333334], [13572.833333333334, 8208.0], [13606.166666666666, 7962.999999999999]]

