vars = 105 ; constr = 2 
total_times_used = 1.71
size_Y_N = 31
Y_N = [[495444.0, 423055.0], [495444.0, 423938.0], [495434.0, 495567.0], [495334.0, 502562.0], [494793.0, 526139.0], [492002.0, 604763.0], [489261.0, 640417.0], [481611.0, 732569.0], [475103.0, 802149.0], [473593.0, 814195.0], [469064.0, 847181.0], [464301.0, 880135.0], [462041.0, 895661.0], [458386.0, 917078.0], [456996.0, 924875.0], [445349.0, 980657.0], [435086.0, 1.018937e6], [433021.0, 1.024807e6], [426098.0, 1.043401e6], [413615.0, 1.071171e6], [411101.0, 1.076054e6], [394480.0, 1.095394e6], [390736.0, 1.099096e6], [382294.0, 1.106645e6], [374708.0, 1.11237e6], [364608.0, 1.117939e6], [355543.0, 1.121695e6], [328691.0, 1.127905e6], [307026.0, 1.131284e6], [304196.0, 1.131694e6], [287828.0, 1.133471e6]]

size_X_E = 31
