vars = 20 ; constr = 4 
 # informations of B&B algorithm : 
total_times_used = 9.56 
total_nodes = 467 
pruned_nodes = 226 
GAP = 0.0 
relaxation_time = 9.48 
test_dominance_time = 0.0 
update_incumbent_time = 0.01 
tree_size = 1.044 
nb_nodes_EPB = 0 
nb_nodes_VB = 466 
root_relax = true 
TO = false 
rootLBS = 9 
LBSexhaustive = false 
 位_strategy = 0 
 位_min = 1 
 位_max = 17 
位_acc = 3.955032119914347 
total_time_cplex = 9.177074670791626 
total_time_fusion = 0.028153181076049805 


size_Y_N = 16
Y_N = [[6163.0, 7156.5], [6252.75, 7140.5], [6344.75, 7038.5], [6525.25, 7034.5], [6608.5, 6907.5], [6693.5, 6861.5], [6876.25, 6853.5], [7225.0, 6676.5], [7257.0, 6120.0], [7264.0, 6064.0], [7343.25, 6053.5], [7463.75, 5907.5], [7612.75, 5887.0], [7637.5, 5678.5], [7705.75, 5480.0], [7904.5, 5278.0]]

