vars = 30 ; constr = 6 
 # informations of B&B algorithm : 
total_times_used = 61.9 
total_nodes = 1205 
pruned_nodes = 593 
GAP = 0.0 
relaxation_time = 61.7 
test_dominance_time = 0.0 
update_incumbent_time = 0.03 
tree_size = 3.88 
nb_nodes_EPB = 0 
nb_nodes_VB = 1204 
root_relax = true 
TO = false 
rootLBS = 20 
LBSexhaustive = false 
 位_strategy = 0 
 位_min = 1 
 位_max = 19 
位_acc = 6.4639004149377595 
total_time_cplex = 59.85425114631653 
total_time_fusion = 0.20128488540649414 


size_Y_N = 10
Y_N = [[13485.333333333332, 12158.333333333334], [13594.833333333334, 12139.333333333334], [13701.833333333334, 11997.333333333334], [13833.833333333334, 11842.333333333334], [13904.666666666666, 11700.333333333334], [14036.0, 11627.333333333334], [14259.0, 11527.333333333334], [14317.5, 11160.833333333334], [14536.333333333334, 10940.333333333334], [14580.666666666666, 9834.5]]

