vars = 20 ; constr = 2 
 # informations of B&B algorithm : 
total_times_used = 5.45 
total_nodes = 463 
pruned_nodes = 256 
GAP = 0.0 
relaxation_time = 5.38 
test_dominance_time = 0.0 
update_incumbent_time = 0.0 
tree_size = 0.877 
nb_nodes_EPB = 118 
nb_nodes_VB = 344 
root_relax = true 
TO = false 
rootLBS = 7 
LBSexhaustive = false 
 位_strategy = 0 
 位_min = 1 
 位_max = 8 
位_acc = 2.7451403887688985 
total_time_cplex = 5.187061309814453 
total_time_fusion = 0.01407313346862793 


size_Y_N = 13
Y_N = [[7767.5, 11068.5], [7773.5, 11017.5], [7884.0, 10947.5], [8425.0, 10882.5], [8765.0, 10617.5], [8767.5, 10519.5], [8928.0, 10471.0], [8996.5, 10213.5], [8999.0, 10115.5], [9029.5, 9985.0], [9123.5, 9812.0], [9176.0, 9636.0], [9276.0, 9387.5]]

