vars = 30 ; constr = 6 
 # informations of B&B algorithm : 
total_times_used = 1257.71 
total_nodes = 78280 
pruned_nodes = 42508 
GAP = 0.0 
relaxation_time = 1229.7 
test_dominance_time = 0.04 
update_incumbent_time = 0.21 
tree_size = 181.846 
nb_nodes_EPB = 20783 
nb_nodes_VB = 57496 
root_relax = true 
TO = false 
rootLBS = 19 
LBSexhaustive = false 
 位_strategy = 0 
 位_min = 0 
 位_max = 0 
位_acc = 0.0 
total_time_cplex = 0.0 
total_time_fusion = 0.0 


size_Y_N = 40
Y_N = [[5320.666666666666, 8549.5], [5321.5, 8440.5], [5450.833333333334, 8433.500000000002], [5480.166666666666, 8418.5], [5558.666666666666, 8382.500000000002], [5575.0, 8369.5], [5624.999999999999, 8322.500000000002], [6050.0, 8295.666666666668], [6115.5, 8261.666666666668], [6156.666666666667, 8239.666666666668], [6198.499999999999, 8225.666666666668], [6209.333333333333, 8190.666666666667], [6223.0, 8179.666666666667], [6268.0, 8159.666666666667], [6301.999999999999, 8155.666666666667], [6501.999999999999, 8151.666666666667], [6667.833333333333, 7995.666666666667], [6708.666666666667, 7984.666666666667], [6811.333333333333, 7802.666666666668], [6879.166666666666, 7600.0], [6970.833333333335, 7531.666666666667], [7011.5, 7500.0], [7016.166666666667, 7467.666666666667], [7031.166666666667, 7445.666666666667], [7108.833333333334, 7443.666666666667], [7193.000000000001, 7353.666666666667], [7298.0, 7085.000000000001], [7346.166666666667, 7053.000000000001], [7375.000000000001, 6894.000000000001], [7406.166666666667, 6874.333333333335], [7459.166666666667, 6804.000000000001], [7498.0, 6724.000000000001], [7547.666666666667, 6574.0], [7674.833333333333, 6376.333333333334], [7771.0, 5734.5], [7795.166666666668, 5510.166666666667], [7827.0, 5500.5], [7840.833333333333, 5384.500000000001], [7897.166666666666, 5260.833333333334], [7911.0, 5170.500000000001]]

