vars = 20 ; constr = 4 
 # informations of B&B algorithm : 
total_times_used = 11.28 
total_nodes = 776 
pruned_nodes = 414 
GAP = 0.0 
relaxation_time = 11.06 
test_dominance_time = 0.0 
update_incumbent_time = 0.0 
tree_size = 1.339 
nb_nodes_EPB = 143 
nb_nodes_VB = 632 
root_relax = true 
TO = false 
rootLBS = 18 
LBSexhaustive = false 
 位_strategy = 0 
 位_min = 1 
 位_max = 30 
位_acc = 2.336340206185567 
total_time_cplex = 10.859525680541992 
total_time_fusion = 0.02096104621887207 


size_Y_N = 13
Y_N = [[4086.0, 5479.25], [4305.0, 5358.25], [4345.25, 5287.25], [4426.75, 5286.25], [4545.75, 5159.25], [4623.75, 5059.25], [4674.0, 4871.25], [4861.75, 4865.25], [4933.5, 4598.0], [5023.5, 3686.5], [5123.5, 3406.75], [5172.5, 3158.75], [5280.75, 3030.75]]

