inst_name = "MDMKP_n30_m6_q1_α0.75" 
n = 30 
m = 6 
q = 1 
A = [182 713 919 922 927 515 121 555 210 852 296 928 886 254 390 406 966 329 593 674 906 117 529 654 183 111 896 633 946 770; 510 948 591 120 549 374 232 791 911 144 743 536 633 731 235 572 214 916 202 882 543 368 546 630 593 744 846 171 42 986; 839 890 249 703 719 73 419 913 870 837 983 455 93 306 205 465 793 677 213 551 102 527 427 950 61 522 599 851 390 233; 328 747 969 490 152 929 737 670 293 86 797 90 536 256 949 285 85 367 519 273 802 168 139 506 222 279 857 43 688 272; 671 679 151 986 730 883 847 187 210 783 535 113 536 206 370 652 300 257 418 874 714 837 770 525 362 649 272 768 48 543; 56 490 629 188 41 129 377 829 87 368 680 372 403 131 504 693 230 451 581 638 177 916 609 862 687 311 318 104 572 617; 125 636 583 74 277 215 882 132 420 158 678 353 974 742 101 30 72 589 2 410 412 110 242 667 827 79 612 42 583 156]
b = [13037.25, 12227.25, 11936.25, 10150.5, 11907.0, 9787.5, 8387.25]
c = [785.1666666666667, 1098.5, 827.5, 935.8333333333333, 743.5, 633.0, 358.5, 1090.5, 365.1666666666667, 770.3333333333334, 899.3333333333334, 506.83333333333337, 777.1666666666666, 475.3333333333333, 450.33333333333337, 567.1666666666666, 559.3333333333333, 716.3333333333333, 595.6666666666667, 805.3333333333333, 912.0, 725.5, 493.0, 821.6666666666667, 358.5, 917.8333333333333, 1014.3333333333334, 816.3333333333333, 495.5, 659.1666666666666] 
c2 = [491.5, 358.5, 442.5, 466.5, 693.5, 554.5, 1098.5, 358.5, 1096.8333333333333, 534.5, 465.5, 845.5, 559.5, 823.5, 394.5, 453.5, 613.5, 582.5, 510.5, 404.5, 442.5, 434.5, 815.5, 494.5, 1098.5, 443.5, 438.5, 605.5, 694.5, 675.5] 
