inst_name = "MDMKP_n40_m6_q3_α0.75" 
n = 40 
m = 6 
q = 3 
A = [733 122 447 747 385 732 856 844 530 280 89 268 657 583 920 395 803 504 150 124 769 833 345 618 212 973 256 739 548 933 611 606 293 170 66 692 188 270 432 100; 156 243 516 82 664 886 434 394 754 106 564 642 342 960 28 900 444 86 288 827 146 660 925 105 419 967 882 56 74 750 719 436 136 389 516 317 403 964 754 418; 904 689 939 274 51 734 250 500 702 606 190 443 278 367 553 412 617 145 899 166 747 72 596 844 504 602 91 874 615 877 29 787 419 216 734 506 639 558 595 477; 765 68 336 50 942 389 427 175 712 670 495 210 793 862 74 787 887 436 642 728 494 223 802 3 135 365 901 516 946 844 73 702 377 105 479 699 218 449 638 859; 958 461 505 864 176 874 333 259 545 105 855 806 297 211 4 967 577 775 210 953 544 224 119 947 157 440 890 256 185 787 977 393 967 516 203 13 681 361 420 684; 322 164 1000 697 826 333 61 70 170 129 794 647 957 964 689 850 951 612 84 597 167 859 806 58 975 128 954 332 978 192 874 61 341 847 346 633 69 407 850 449; 501 360 183 33 711 979 615 773 636 539 407 169 390 18 781 104 767 992 917 441 935 971 693 784 24 743 55 796 165 785 962 537 414 57 177 816 57 239 17 377; 495 100 379 914 204 660 818 195 707 322 550 320 729 980 269 161 486 804 513 381 26 481 198 311 299 291 420 959 747 855 596 333 453 189 725 256 305 223 820 830; 340 28 977 597 557 201 818 199 63 614 650 930 689 121 676 504 587 943 594 261 913 117 929 853 483 601 533 598 543 706 7 319 363 157 72 903 806 497 75 874]
b = [14867.25, 14514.0, 15375.75, 15207.0, 15374.25, 15932.25, 14940.0, 14478.0, 15523.5]
c = [573.1666666666667, 606.0, 418.50000000000006, 231.16666666666669, 478.1666666666667, 737.5, 159.5, 510.33333333333337, 380.6666666666667, 391.33333333333337, 716.1666666666667, 777.3333333333334, 348.83333333333337, 677.5, 416.5, 1091.5, 687.6666666666666, 76.0, 72.66666666666669, 571.5, 486.6666666666667, 258.1666666666667, 446.66666666666674, 450.6666666666667, 787.1666666666667, 697.8333333333333, 745.5, 376.1666666666667, 531.3333333333333, 600.6666666666667, 567.5, 805.5, 303.33333333333337, 792.8333333333333, 729.5, 523.6666666666667, 482.83333333333337, 722.8333333333333, 524.0, 237.16666666666669] 
c2 = [319.6666666666667, 302.6666666666667, 796.6666666666667, 1021.0, 994.0, 105.66666666666669, 1048.6666666666667, 111.66666666666669, 889.5, 903.8333333333333, 367.6666666666667, 234.66666666666669, 927.3333333333333, 416.6666666666667, 1089.6666666666667, 72.66666666666669, 207.66666666666669, 1090.1666666666667, 1091.5, 258.6666666666667, 722.5, 956.0, 846.5, 1078.5, 76.66666666666669, 197.66666666666669, 103.66666666666669, 1079.0, 166.66666666666669, 190.66666666666669, 579.6666666666667, 110.66666666666669, 950.8333333333333, 360.6666666666667, 202.66666666666669, 447.6666666666667, 707.3333333333333, 326.6666666666667, 199.66666666666669, 1015.0] 
