inst_name = "MDMKP_n40_m6_q6_α0.5" 
n = 40 
m = 6 
q = 6 
A = [214 472 473 266 409 36 937 521 167 523 841 765 252 559 5 866 650 504 158 97 530 442 196 787 441 633 792 481 914 51 459 877 865 190 626 970 940 434 182 66; 612 389 427 628 448 815 18 582 911 216 404 967 675 888 1 479 710 256 287 944 701 164 741 190 917 650 174 332 787 764 927 110 658 706 795 424 800 514 400 524; 532 546 92 827 721 23 598 571 97 211 727 949 462 541 971 319 844 679 955 892 928 172 719 34 138 338 294 524 3 174 908 988 360 709 520 717 375 494 227 539; 64 780 974 465 201 320 63 872 795 873 419 409 235 495 630 289 963 598 488 255 60 831 921 987 81 502 775 671 365 38 394 29 420 660 434 39 392 142 22 799; 782 618 764 162 802 21 557 553 165 416 552 691 686 434 458 746 859 272 184 800 495 775 575 753 31 856 815 804 571 211 42 170 534 233 842 212 809 314 874 271; 370 745 296 729 288 817 737 408 249 959 901 929 467 748 929 865 571 753 98 597 867 520 933 573 22 764 583 954 200 446 378 129 122 409 433 11 725 685 634 185; 775 579 751 19 104 220 946 970 262 911 473 478 798 716 544 637 365 739 955 542 411 688 802 158 925 922 901 445 946 407 698 488 349 557 379 185 128 957 97 976; 676 253 520 313 723 788 880 720 375 411 87 79 777 96 276 364 583 760 450 144 185 21 219 102 8 265 662 253 280 625 848 500 386 760 77 102 621 361 516 430; 524 726 924 606 771 318 923 824 893 193 672 314 525 929 103 592 261 759 154 24 90 336 106 664 681 855 855 260 243 716 573 194 882 886 820 866 869 867 361 899; 524 688 776 216 978 216 92 204 550 393 753 113 523 687 15 262 372 183 384 250 840 606 425 64 884 620 572 754 558 267 728 339 786 555 919 667 940 114 164 877; 727 553 195 529 132 607 569 779 444 944 373 476 726 434 698 792 865 348 730 275 576 66 380 12 254 935 79 399 15 649 123 550 206 578 869 736 719 356 173 162; 368 717 861 831 153 351 263 738 994 789 232 987 391 994 191 846 958 143 370 330 426 694 72 733 389 617 952 695 18 530 398 625 686 966 7 546 820 970 625 137]
b = [9795.5, 10967.5, 10359.0, 9375.0, 10354.5, 11014.5, 11601.5, 8248.0, 11529.0, 9929.0, 9516.5, 11206.5]
c = [242.83333333333331, 523.5, 486.0, 741.6666666666667, 469.1666666666667, 559.8333333333333, 410.6666666666667, 346.49999999999994, 388.83333333333326, 188.99999999999994, 681.8333333333333, 805.0, 117.33333333333326, 251.00000000000006, 667.3333333333333, 754.6666666666667, 821.6666666666665, 569.5, 322.3333333333333, 759.5, 913.3333333333334, 425.0, 1034.6666666666667, 603.0, 356.0, 429.3333333333333, 359.8333333333333, 882.8333333333333, 587.8333333333333, 371.16666666666663, 449.49999999999994, 302.3333333333333, 691.8333333333334, 490.3333333333333, 429.33333333333337, 181.33333333333331, 243.49999999999994, 199.16666666666669, 650.0, 460.0] 
c2 = [990.1666666666667, 271.33333333333326, 603.3333333333333, 371.33333333333326, 173.33333333333326, 311.33333333333326, 872.3333333333333, 829.5, 881.1666666666667, 1033.0, 340.33333333333326, 215.33333333333326, 1034.6666666666667, 914.0, 221.33333333333326, 270.33333333333326, 222.33333333333326, 515.3333333333333, 937.6666666666667, 279.33333333333326, 133.33333333333326, 980.0, 117.33333333333326, 476.33333333333326, 997.0, 984.6666666666667, 1023.1666666666667, 182.33333333333326, 542.3333333333333, 940.8333333333334, 961.5, 911.6666666666667, 364.33333333333326, 284.33333333333326, 866.6666666666666, 1034.6666666666667, 1017.5, 1018.8333333333333, 492.33333333333326, 324.33333333333326] 
