inst_name = "MDMKP_n40_m6_q1_α0.25" 
n = 40 
m = 6 
q = 1 
A = [476 631 553 191 412 449 527 736 225 139 197 51 432 11 357 687 853 224 730 629 461 312 141 801 171 267 864 153 976 450 493 109 259 673 461 43 123 457 298 213; 784 874 766 23 904 574 659 552 534 678 874 238 481 494 123 202 575 133 64 582 376 270 452 625 952 653 942 917 212 862 799 517 896 119 295 158 717 691 187 795; 156 304 507 344 381 378 185 716 521 81 27 769 948 819 758 192 716 127 744 385 25 196 804 424 558 478 254 646 56 416 207 351 259 793 175 85 36 64 578 294; 311 339 920 364 770 457 585 790 70 823 366 395 599 794 570 852 755 458 943 536 870 725 850 97 476 60 525 303 359 583 859 448 932 697 74 758 439 644 674 882; 495 468 897 382 601 306 47 848 498 648 222 352 59 831 516 160 433 124 331 857 397 32 111 555 763 667 948 228 32 29 183 132 872 94 763 597 590 78 971 421; 587 756 650 643 879 739 551 801 274 698 409 935 622 437 48 693 857 896 293 325 858 770 899 669 75 16 765 40 486 759 479 56 740 650 837 188 589 343 402 561; 749 128 694 232 345 579 268 759 547 657 452 932 308 920 306 783 654 424 250 985 319 859 195 610 558 504 5 285 894 247 10 92 898 480 739 191 259 601 274 303]
b = [4058.75, 5387.25, 3939.25, 5738.0, 4384.5, 5568.75, 4823.75]
c = [578.3333333333334, 965.6666666666666, 759.8333333333334, 520.8333333333333, 940.3333333333334, 817.3333333333333, 446.0, 654.0, 652.5, 411.6666666666667, 628.8333333333334, 576.3333333333334, 892.1666666666667, 461.0, 459.3333333333333, 528.8333333333333, 1089.1666666666665, 416.3333333333333, 885.8333333333333, 778.1666666666667, 559.6666666666666, 276.0, 650.3333333333334, 786.8333333333333, 811.1666666666667, 637.8333333333333, 1055.5, 688.6666666666667, 639.5, 510.3333333333333, 751.6666666666666, 393.5, 865.0, 759.3333333333333, 506.0, 393.0, 747.5, 594.3333333333333, 472.6666666666667, 962.1666666666666] 
c2 = [767.0, 356.0, 394.0, 698.0, 288.0, 530.0, 778.0, 617.0, 657.0, 751.0, 353.0, 548.0, 315.0, 437.0, 427.0, 283.0, 276.0, 713.0, 289.0, 311.0, 691.0, 1089.1666666666665, 613.0, 540.0, 311.0, 720.0, 290.0, 622.0, 383.0, 289.0, 531.0, 981.6666666666665, 301.0, 374.0, 834.0, 1074.1666666666665, 474.0, 411.0, 776.0, 354.0] 
