inst_name = "MDMKP_n30_m6_q3_α0.5" 
n = 30 
m = 6 
q = 3 
A = [779 791 506 999 188 197 458 34 917 262 814 3 135 503 10 790 513 481 537 239 806 716 297 335 655 841 103 949 655 193; 317 925 341 351 154 71 505 873 538 672 268 476 208 194 740 569 732 266 757 483 339 383 192 104 165 563 898 643 804 363; 627 754 596 371 535 389 60 433 293 348 781 134 547 710 569 910 479 388 358 938 48 554 414 932 127 479 438 271 605 446; 130 265 769 78 597 427 631 888 793 943 511 192 323 236 373 234 837 90 403 442 949 19 688 939 905 133 900 231 311 795; 614 165 593 31 563 493 530 480 405 594 129 297 803 230 937 162 603 159 881 742 734 824 759 297 715 907 318 418 996 3; 815 857 917 308 923 738 536 635 699 303 67 867 252 905 999 494 861 195 476 86 233 931 312 950 222 595 834 766 10 735; 632 307 801 32 347 509 102 173 408 30 922 279 178 885 772 810 674 412 949 243 576 638 478 779 616 543 15 758 335 727; 44 348 268 954 311 927 966 869 79 419 322 792 207 921 542 301 359 323 932 976 618 705 356 723 385 676 733 643 523 852; 428 911 907 2 321 240 835 86 442 490 140 645 978 749 377 781 436 171 978 738 196 909 831 976 541 852 318 747 604 409]
b = [7353.0, 6947.0, 7267.0, 7516.0, 7691.0, 8760.5, 7465.0, 8537.0, 8519.0]
c = [418.0, 665.1666666666666, 456.00000000000006, 581.6666666666666, 740.1666666666666, 591.5, 141.16666666666663, 639.1666666666666, 782.6666666666666, 528.8333333333334, 557.6666666666666, 127.16666666666669, 195.83333333333334, 117.16666666666669, 822.8333333333333, 671.1666666666667, 656.0, 217.16666666666669, 447.16666666666663, 577.1666666666666, 621.5, 210.83333333333331, 281.1666666666667, 444.83333333333337, 687.8333333333333, 411.1666666666667, 739.1666666666667, 528.3333333333334, 539.8333333333334, 291.1666666666667] 
c2 = [414.1666666666667, 171.16666666666669, 251.16666666666669, 126.16666666666669, 157.16666666666669, 334.1666666666667, 820.8333333333333, 121.16666666666669, 128.16666666666669, 261.1666666666667, 293.1666666666667, 813.8333333333333, 762.1666666666665, 822.8333333333333, 117.16666666666669, 197.16666666666669, 247.16666666666669, 731.8333333333333, 217.16666666666669, 354.1666666666667, 237.16666666666669, 809.1666666666667, 744.8333333333333, 454.1666666666667, 177.16666666666669, 335.1666666666667, 131.16666666666669, 308.1666666666667, 242.16666666666669, 648.8333333333333] 
