inst_name = "MDMKP_n30_m6_q6_α0.5" 
n = 30 
m = 6 
q = 6 
A = [489 439 12 954 299 750 101 795 885 549 886 63 726 597 770 660 305 253 343 403 135 731 375 706 513 154 18 675 138 423; 986 1000 216 435 783 133 397 942 32 488 741 326 77 15 216 541 253 656 482 767 533 395 803 560 357 665 16 492 731 796; 668 100 943 237 646 170 305 646 685 113 560 690 82 659 316 331 484 118 310 113 610 216 825 994 906 871 815 248 807 695; 605 715 762 368 904 927 629 294 584 814 528 34 737 130 304 497 393 602 46 745 122 877 120 963 24 479 937 725 576 622; 936 282 31 822 880 824 893 721 197 638 635 450 62 18 886 955 491 640 998 833 699 21 552 714 429 404 205 143 9 958; 582 347 655 324 132 374 226 96 981 909 681 225 413 69 763 476 313 142 657 157 688 534 255 994 895 546 459 942 187 316; 392 447 885 206 270 688 554 858 127 213 296 410 216 131 990 678 799 597 605 109 154 430 669 683 769 550 995 743 110 196; 971 498 312 850 163 263 421 12 471 116 968 26 556 558 74 348 422 853 59 596 477 277 827 174 10 412 245 686 363 798; 440 601 296 10 739 604 383 334 549 906 192 844 436 220 521 160 775 630 52 508 794 537 491 555 634 868 867 422 631 717; 450 598 138 657 823 627 381 549 4 680 741 780 80 56 663 140 583 112 219 64 311 799 570 757 120 109 184 92 91 787; 26 383 116 797 355 328 216 611 412 360 708 18 314 995 346 622 760 541 435 945 806 229 65 209 302 982 357 399 925 705; 507 467 725 720 911 305 576 474 494 732 599 751 670 752 944 360 492 43 309 555 92 560 295 800 559 37 282 446 6 525]
b = [7073.5, 7417.0, 7581.5, 8031.5, 8163.0, 7169.0, 7385.0, 6403.0, 7858.0, 6082.5, 7133.5, 7494.0]
c = [743.0, 347.8333333333333, 590.8333333333333, 749.6666666666667, 710.1666666666667, 766.8333333333333, 559.6666666666667, 585.6666666666667, 574.1666666666666, 555.3333333333333, 489.1666666666667, 337.8333333333333, 532.1666666666666, 372.3333333333333, 444.1666666666667, 913.3333333333333, 366.0, 560.5, 774.1666666666667, 741.5, 596.8333333333333, 446.66666666666663, 398.49999999999994, 938.5, 698.0, 478.1666666666667, 481.3333333333333, 724.1666666666666, 720.0, 685.0] 
c2 = [494.8333333333333, 572.8333333333334, 386.8333333333333, 503.8333333333333, 463.8333333333333, 501.8333333333333, 401.8333333333333, 516.8333333333333, 374.8333333333333, 358.8333333333333, 555.8333333333334, 874.8333333333334, 657.8333333333333, 348.8333333333333, 665.8333333333334, 357.8333333333333, 679.8333333333333, 459.8333333333333, 374.8333333333333, 361.8333333333333, 364.8333333333333, 739.8333333333333, 660.8333333333333, 337.8333333333333, 349.8333333333333, 459.8333333333333, 640.8333333333334, 378.8333333333333, 517.8333333333333, 497.8333333333333] 
