inst_name = "MDMKP_n40_m6_q1_α0.5" 
n = 40 
m = 6 
q = 1 
A = [283 752 459 181 492 666 997 712 360 532 274 413 504 511 798 719 640 452 541 113 943 349 810 717 145 45 114 726 652 649 393 453 381 58 95 281 568 856 583 245; 704 482 710 693 727 446 219 464 178 638 155 250 275 197 687 323 583 3 683 286 363 499 745 429 97 257 224 898 741 813 423 759 990 343 78 412 234 500 471 28; 174 850 136 774 841 632 452 162 322 726 588 296 648 533 463 261 293 102 241 1 629 271 217 973 256 371 455 983 249 62 876 368 142 219 382 952 793 4 229 324; 105 703 905 768 62 748 953 702 883 123 472 705 147 158 571 849 687 242 272 46 684 978 359 477 273 660 625 563 224 717 799 679 915 75 421 343 93 419 748 205; 61 112 955 664 649 348 196 176 970 208 198 26 177 601 651 307 462 264 939 987 904 870 521 964 708 587 26 39 551 728 967 729 204 494 569 867 797 471 423 531; 10 414 731 828 962 156 716 626 633 954 375 819 900 145 270 493 465 367 953 569 615 877 210 234 579 820 934 89 738 565 609 655 403 763 332 210 531 44 393 811; 450 210 229 617 874 392 655 92 928 3 570 380 616 265 35 561 993 99 255 261 877 894 901 157 812 305 912 481 679 673 244 744 222 752 898 252 513 481 989 966]
b = [9731.0, 9003.5, 8625.0, 10179.0, 10450.5, 10899.0, 10618.5]
c = [267.83333333333337, 957.1666666666666, 1016.1666666666667, 673.5, 631.5, 624.0, 494.6666666666667, 883.3333333333334, 493.0, 769.6666666666666, 623.6666666666667, 539.8333333333334, 709.1666666666666, 318.3333333333333, 1032.5, 823.5, 581.1666666666666, 496.83333333333337, 677.3333333333334, 515.1666666666667, 893.5, 541.6666666666666, 366.83333333333337, 716.1666666666667, 267.66666666666663, 610.8333333333334, 719.3333333333333, 894.5, 747.6666666666667, 966.8333333333333, 1097.1666666666667, 673.1666666666666, 853.8333333333333, 500.0, 303.16666666666663, 678.8333333333333, 852.1666666666667, 687.1666666666666, 489.66666666666663, 421.3333333333333] 
c2 = [1097.0, 298.66666666666663, 277.66666666666663, 472.66666666666663, 562.6666666666666, 406.66666666666663, 732.6666666666666, 464.66666666666663, 697.6666666666666, 316.66666666666663, 558.6666666666666, 381.66666666666663, 376.66666666666663, 1075.5, 318.66666666666663, 313.66666666666663, 447.66666666666663, 583.6666666666666, 682.6666666666666, 309.66666666666663, 372.66666666666663, 815.6666666666666, 1097.0, 370.66666666666663, 1097.1666666666667, 620.6666666666666, 468.66666666666663, 324.66666666666663, 571.6666666666666, 360.66666666666663, 267.66666666666663, 514.6666666666666, 368.66666666666663, 592.6666666666666, 1074.6666666666667, 432.66666666666663, 267.66666666666663, 454.66666666666663, 742.6666666666666, 432.66666666666663] 
