inst_name = "MDMKP_n50_m6_q1_α0.75" 
n = 50 
m = 6 
q = 1 
A = [971 370 155 127 775 803 91 510 701 473 31 397 52 846 996 24 164 158 909 5 43 651 179 323 157 629 727 498 868 629 691 56 376 384 569 502 403 412 884 108 123 275 855 505 43 607 536 59 888 914; 726 28 839 232 392 233 430 520 274 724 337 600 355 786 51 142 377 911 50 513 39 823 641 194 392 25 673 969 83 933 566 779 99 32 208 540 239 753 685 142 694 910 765 880 632 400 246 940 886 914; 720 968 139 126 86 212 121 390 996 326 842 836 331 74 371 667 877 724 886 753 109 844 614 574 33 357 857 80 795 826 886 399 856 683 732 718 482 343 598 614 508 350 380 130 18 97 976 664 644 45; 666 391 604 189 146 248 645 37 354 739 817 634 477 742 534 372 732 308 737 170 567 564 588 705 682 561 240 532 441 625 227 991 474 81 242 125 809 30 345 437 54 440 218 311 288 577 365 950 768 881; 687 826 93 624 317 363 748 692 650 699 360 516 797 608 587 319 251 536 732 478 649 809 565 9 655 527 522 394 76 74 619 720 634 593 806 616 794 414 367 667 38 180 636 339 222 378 696 829 448 719; 797 859 810 816 64 647 374 731 898 891 635 694 992 462 407 277 454 980 646 273 497 442 854 331 879 556 495 778 760 507 383 421 930 889 947 134 844 620 812 762 909 854 717 606 420 822 756 666 426 259; 536 790 634 617 797 297 752 210 407 255 851 273 335 216 646 825 94 181 331 151 764 104 773 417 550 219 934 389 476 811 895 966 93 120 173 578 916 234 430 267 683 446 138 724 811 182 132 8 971 712]
b = [16839.0, 18451.5, 19242.75, 17745.0, 19408.5, 23987.25, 18085.5]
c = [996.8333333333333, 802.0, 804.3333333333333, 624.5, 518.8333333333334, 828.1666666666667, 401.1666666666667, 480.0, 1007.6666666666666, 864.5, 506.83333333333337, 1067.3333333333335, 674.8333333333334, 590.3333333333334, 493.3333333333333, 417.6666666666667, 890.1666666666666, 947.6666666666667, 764.8333333333334, 425.16666666666663, 375.0, 911.5, 919.6666666666666, 501.5, 404.66666666666663, 721.0, 455.0, 967.0, 864.5, 643.8333333333334, 787.8333333333334, 765.0, 781.0, 773.6666666666667, 635.1666666666666, 437.83333333333337, 502.5, 554.6666666666667, 593.5, 450.5, 713.8333333333334, 507.1666666666667, 782.1666666666666, 641.1666666666666, 170.33333333333334, 474.83333333333337, 893.8333333333334, 1063.3333333333333, 619.8333333333333, 623.3333333333333] 
c2 = [228.33333333333334, 426.33333333333337, 324.33333333333337, 426.33333333333337, 216.33333333333334, 276.33333333333337, 888.5000000000001, 362.33333333333337, 190.33333333333334, 220.33333333333334, 364.33333333333337, 170.33333333333334, 358.33333333333337, 614.3333333333334, 714.3333333333334, 1039.0, 240.33333333333334, 214.33333333333334, 429.33333333333337, 874.5000000000002, 901.6666666666669, 264.33333333333337, 173.33333333333334, 266.33333333333337, 922.0000000000002, 352.33333333333337, 320.33333333333337, 173.33333333333334, 286.33333333333337, 545.3333333333334, 292.33333333333337, 351.33333333333337, 439.33333333333337, 373.33333333333337, 307.33333333333337, 992.8333333333335, 443.33333333333337, 648.3333333333334, 223.33333333333334, 719.3333333333334, 393.33333333333337, 434.33333333333337, 395.33333333333337, 420.33333333333337, 1067.3333333333335, 523.3333333333334, 292.33333333333337, 171.33333333333334, 341.33333333333337, 603.3333333333334] 
