inst_name = "MDMKP_n40_m6_q3_α0.5" 
n = 40 
m = 6 
q = 3 
A = [133 449 33 263 632 933 420 467 420 162 408 555 353 458 172 59 568 723 45 607 860 25 992 813 789 458 477 139 981 929 860 299 620 49 973 232 761 411 352 410; 868 575 925 917 501 447 69 802 902 433 29 594 720 305 886 285 694 355 287 975 538 175 620 988 210 900 278 165 836 982 841 256 258 130 46 453 271 454 335 671; 131 416 921 507 778 473 442 218 864 539 946 944 82 265 220 749 991 532 752 443 837 708 478 17 636 485 425 207 177 742 497 519 598 542 204 105 348 395 699 1000; 564 958 134 196 901 823 243 740 151 144 844 306 260 167 470 328 159 526 182 396 924 816 622 393 803 172 476 193 477 29 694 660 66 275 384 676 513 412 5 365; 705 48 232 485 256 376 578 270 656 701 962 615 182 687 411 493 904 778 42 60 715 132 678 934 619 390 320 853 801 431 694 122 219 160 375 913 623 648 166 521; 838 319 476 501 543 180 161 583 183 583 999 235 404 919 325 717 484 15 478 691 491 217 145 846 535 840 154 323 432 890 61 720 608 355 500 655 242 704 580 714; 992 579 900 224 880 723 322 991 118 235 126 29 923 133 514 775 436 530 807 419 579 638 201 833 281 819 75 583 710 756 68 77 798 84 712 980 693 253 972 766; 330 227 554 658 738 365 34 885 737 317 380 745 904 534 846 803 247 455 953 56 528 905 437 223 846 941 603 764 773 512 364 747 82 794 489 497 248 873 621 442; 141 224 601 748 789 226 578 565 13 697 752 617 890 951 338 341 277 451 31 146 252 269 115 148 991 830 742 40 42 244 695 450 854 978 946 674 749 934 589 710]
b = [9645.0, 10488.0, 10416.0, 8723.5, 9877.5, 9823.0, 10767.0, 11228.5, 10314.0]
c = [781.3333333333333, 489.49999999999994, 666.3333333333333, 786.8333333333333, 631.0, 655.0, 628.5, 401.83333333333337, 885.0, 654.1666666666666, 843.6666666666667, 645.0, 326.0, 512.5, 611.3333333333333, 684.0, 593.6666666666667, 769.1666666666666, 204.5, 1035.5, 671.3333333333333, 203.83333333333331, 604.0, 619.8333333333333, 636.0, 504.5, 653.6666666666666, 292.5, 748.5, 935.5, 630.3333333333333, 357.33333333333326, 401.16666666666663, 257.83333333333337, 331.1666666666667, 687.5, 793.3333333333333, 746.0, 117.83333333333331, 539.1666666666666] 
c2 = [326.8333333333333, 527.8333333333333, 450.8333333333333, 211.83333333333331, 364.8333333333333, 190.83333333333331, 158.83333333333331, 904.5, 244.83333333333331, 151.83333333333331, 190.83333333333331, 372.8333333333333, 884.3333333333333, 524.8333333333333, 499.8333333333333, 203.83333333333331, 327.8333333333333, 132.83333333333331, 963.8333333333333, 117.83333333333331, 382.8333333333333, 988.5, 467.8333333333333, 407.8333333333333, 504.8333333333333, 338.8333333333333, 121.83333333333331, 893.8333333333333, 232.83333333333331, 145.83333333333331, 141.83333333333331, 820.0, 910.1666666666667, 979.5, 848.1666666666665, 446.8333333333333, 318.8333333333333, 150.83333333333331, 1035.5, 413.8333333333333] 
