inst_name = "MDMKP_n30_m6_q1_α0.5" 
n = 30 
m = 6 
q = 1 
A = [262 684 499 517 479 386 34 134 557 27 761 974 543 771 69 512 841 944 432 422 575 573 41 176 103 844 564 699 597 523; 732 222 38 651 288 828 374 543 779 430 63 960 915 251 669 525 344 278 626 608 279 722 925 771 664 62 938 645 617 818; 625 184 269 656 99 229 686 337 666 827 475 767 524 355 645 596 595 173 96 141 595 891 879 650 196 553 705 250 128 811; 256 636 341 42 959 904 182 579 240 81 387 204 55 990 144 306 448 607 599 47 494 950 773 721 188 931 521 929 723 381; 986 187 224 600 80 856 924 425 702 33 897 934 476 363 960 851 226 403 160 604 158 181 283 624 874 69 784 754 475 426; 303 667 654 306 915 85 58 63 373 810 189 48 238 930 988 508 198 277 422 988 647 507 330 904 397 685 192 654 948 851; 365 263 94 479 729 87 427 41 406 126 680 88 704 715 379 682 661 884 98 98 409 305 605 708 365 464 641 503 457 568]
b = [7271.5, 8282.5, 7301.5, 7309.0, 7759.5, 7567.5, 6515.5]
c = [686.5, 621.1666666666667, 366.8333333333333, 782.1666666666667, 848.5, 1003.5, 500.16666666666663, 405.0, 490.1666666666667, 457.0, 368.6666666666667, 723.1666666666667, 736.1666666666667, 635.8333333333333, 901.0, 821.0, 371.8333333333333, 309.66666666666663, 502.83333333333337, 567.0, 394.8333333333333, 686.5, 907.6666666666667, 978.0, 352.83333333333337, 851.6666666666667, 920.5, 1056.3333333333333, 640.1666666666667, 1015.3333333333334] 
c2 = [542.6666666666666, 617.6666666666666, 1014.1666666666666, 499.66666666666663, 473.66666666666663, 327.66666666666663, 765.6666666666666, 381.66666666666663, 363.66666666666663, 870.6666666666666, 1039.333333333333, 635.6666666666666, 394.66666666666663, 699.6666666666666, 341.66666666666663, 458.66666666666663, 1048.1666666666667, 1056.3333333333333, 343.66666666666663, 728.6666666666666, 315.66666666666663, 518.6666666666666, 453.66666666666663, 371.66666666666663, 1028.1666666666665, 339.66666666666663, 440.66666666666663, 309.66666666666663, 600.6666666666666, 328.66666666666663] 
