inst_name = "MDMKP_n40_m6_q1_α0.75" 
n = 40 
m = 6 
q = 1 
A = [580 373 374 784 576 725 837 296 972 740 522 585 22 968 198 86 279 451 233 297 621 922 818 738 909 168 203 164 158 368 133 856 496 547 651 266 850 1000 299 201; 128 74 297 207 421 222 824 644 395 764 70 177 81 975 770 740 48 622 731 250 282 331 309 332 849 729 518 829 160 170 292 593 688 432 848 654 993 427 170 710; 99 669 189 605 950 186 855 908 588 597 200 387 182 161 136 387 744 174 188 377 337 38 5 143 721 612 375 377 79 1 614 978 744 655 523 521 949 115 608 886; 58 666 570 150 771 366 297 135 478 89 628 867 877 642 221 884 79 519 980 13 81 490 843 680 666 322 60 682 669 507 880 109 622 480 491 659 830 884 256 616; 537 236 578 46 211 144 723 616 851 656 784 693 623 895 273 885 190 221 599 865 812 941 473 892 715 473 407 269 380 962 717 817 949 913 387 780 387 852 427 82; 292 116 647 102 955 338 690 982 559 722 469 388 937 222 350 13 31 855 314 180 527 758 480 857 487 238 816 503 361 398 620 305 240 421 15 682 240 525 90 42; 234 705 623 20 656 11 589 429 904 449 74 178 241 677 977 548 195 664 248 13 488 210 977 36 824 559 211 575 837 693 275 356 456 81 765 14 306 998 862 492]
b = [15199.5, 14067.0, 13397.25, 15087.75, 17445.75, 13325.25, 13837.5]
c = [643.3333333333333, 613.1666666666667, 603.6666666666667, 357.33333333333337, 853.0, 643.3333333333334, 1061.1666666666667, 610.3333333333334, 554.8333333333334, 744.8333333333333, 598.1666666666667, 801.5, 708.5, 941.0, 606.8333333333334, 812.8333333333334, 541.0, 393.0, 871.1666666666667, 753.1666666666666, 692.0, 640.0, 680.1666666666666, 676.0, 772.1666666666666, 435.5, 586.3333333333333, 729.8333333333334, 636.6666666666667, 645.5, 891.8333333333333, 920.3333333333333, 1012.1666666666666, 796.1666666666666, 733.3333333333333, 781.3333333333333, 1017.1666666666666, 652.5, 224.66666666666666, 725.8333333333333] 
c2 = [443.66666666666663, 418.6666666666667, 585.6666666666666, 928.5, 369.66666666666663, 367.6666666666667, 224.66666666666666, 403.6666666666667, 459.6666666666667, 338.66666666666663, 390.6666666666667, 349.66666666666663, 304.6666666666667, 338.66666666666663, 306.6666666666667, 409.6666666666667, 309.6666666666667, 971.8333333333334, 224.66666666666666, 423.66666666666663, 379.6666666666667, 288.6666666666667, 494.66666666666663, 276.6666666666667, 253.66666666666666, 728.6666666666666, 451.66666666666663, 443.6666666666667, 556.6666666666666, 297.6666666666667, 345.66666666666663, 321.66666666666663, 260.66666666666663, 413.66666666666663, 530.6666666666666, 457.66666666666663, 250.66666666666666, 350.6666666666667, 1061.1666666666667, 548.6666666666666] 
