inst_name = "MDMKP_n40_m6_q6_α0.25" 
n = 40 
m = 6 
q = 6 
A = [954 543 56 551 133 538 767 808 141 443 28 880 977 895 163 21 536 27 127 157 221 243 838 724 282 671 406 170 734 715 394 376 701 185 831 978 863 607 928 643; 936 510 950 752 767 756 125 844 942 470 115 467 81 757 939 815 903 927 780 133 273 680 233 202 778 684 174 193 681 880 868 272 118 706 828 945 257 310 319 795; 790 561 487 819 623 85 899 793 271 726 635 163 717 149 872 497 499 686 826 730 247 601 962 499 529 550 928 736 866 848 354 589 471 720 683 386 538 709 804 485; 459 460 295 950 535 680 411 389 661 204 562 502 900 856 862 957 912 113 563 738 49 870 378 533 684 384 987 734 30 799 163 865 526 833 168 844 111 788 221 791; 126 885 924 987 566 769 500 329 487 640 587 464 536 154 226 76 396 390 642 379 740 332 304 863 350 786 380 289 610 583 332 424 318 116 99 641 224 304 341 415; 555 52 445 819 874 177 525 929 564 51 399 459 990 962 10 755 213 312 717 927 108 489 52 560 14 939 901 512 159 66 952 928 488 249 650 400 195 342 71 605; 580 526 242 64 648 786 820 714 224 401 780 134 423 842 773 24 488 759 217 215 616 230 25 405 973 214 453 748 706 249 419 276 453 136 108 737 474 79 152 205; 913 851 946 994 402 655 329 147 34 343 104 938 545 87 533 894 563 163 824 640 355 234 492 561 291 734 829 914 425 900 285 766 299 537 401 395 215 154 927 921; 993 516 428 482 230 543 15 506 838 772 425 481 757 349 962 27 50 709 185 777 748 767 508 350 773 598 992 619 213 494 742 149 730 24 833 195 940 707 929 469; 961 559 809 301 112 203 343 536 568 194 281 306 865 237 962 69 711 421 786 191 604 253 391 834 531 268 727 992 554 16 181 148 31 7 311 579 997 669 805 842; 603 347 869 99 668 355 504 5 324 768 752 458 206 698 951 550 566 676 553 10 437 898 703 644 622 993 3 344 635 300 954 992 449 685 202 821 353 387 468 376; 900 571 121 472 442 167 204 239 537 564 370 165 873 652 949 239 861 745 665 227 918 47 139 618 603 9 811 282 531 3 341 928 867 219 702 671 69 552 88 233]
b = [5063.75, 5791.25, 6083.25, 5691.75, 4628.5, 4853.75, 4329.5, 5385.0, 5456.25, 4788.75, 5307.0, 4648.5]
c = [345.66666666666663, 329.1666666666667, 701.0, 1045.0, 885.0, 763.3333333333333, 862.6666666666667, 1143.1666666666667, 824.1666666666667, 639.3333333333333, 414.6666666666667, 899.5, 887.6666666666666, 875.3333333333334, 351.0, 773.6666666666666, 765.6666666666666, 544.3333333333333, 549.8333333333333, 806.3333333333334, 144.0, 615.0, 838.8333333333334, 448.83333333333337, 536.3333333333334, 583.6666666666667, 577.5, 373.16666666666663, 731.6666666666667, 970.5, 527.5, 491.5, 489.5, 569.1666666666667, 661.0, 881.6666666666666, 285.6666666666667, 554.3333333333333, 644.8333333333333, 513.6666666666667] 
c2 = [1035.5, 1016.0, 443.0, 167.0, 396.0, 213.0, 377.0, 144.0, 169.0, 330.0, 1081.5, 292.0, 214.0, 160.0, 1142.1666666666667, 243.0, 422.0, 624.0, 404.0, 397.0, 1143.1666666666667, 168.0, 362.0, 961.3333333333334, 570.0, 464.0, 659.0, 916.0000000000001, 366.0, 263.0, 408.0, 859.6666666666667, 1030.6666666666667, 208.0, 477.0, 249.0, 1074.5, 426.0, 635.0, 363.0] 
