inst_name = "MDMKP_n50_m6_q3_α0.75" 
n = 50 
m = 6 
q = 3 
A = [603 46 41 574 691 762 15 902 811 467 915 804 429 15 873 867 253 719 961 780 41 904 715 689 54 314 286 6 347 970 639 799 509 584 535 494 512 198 424 476 641 704 46 148 902 566 182 512 480 343; 981 421 743 737 808 743 674 2 311 31 265 611 21 41 737 619 947 415 336 896 902 833 173 54 978 969 689 751 355 317 590 82 651 249 442 821 729 965 458 390 662 614 363 833 332 397 383 922 154 41; 241 375 266 603 576 246 731 777 19 541 500 123 557 848 991 558 55 220 777 299 238 99 993 382 556 614 387 460 398 781 343 371 111 982 314 157 756 885 588 507 305 535 890 441 8 426 700 375 190 816; 205 988 782 879 723 382 497 599 625 79 757 645 832 48 734 711 952 970 99 605 847 831 412 483 20 277 80 864 234 302 642 776 173 531 869 267 245 218 476 573 512 268 518 763 146 604 489 538 390 948; 494 355 547 895 95 418 641 844 202 793 489 832 119 957 584 858 419 432 556 513 874 358 530 973 7 51 530 564 614 281 477 958 184 471 30 661 708 227 931 101 933 712 974 157 701 928 397 508 630 945; 143 418 959 973 218 441 526 708 543 390 503 978 813 361 11 540 34 294 598 75 250 637 520 278 725 416 71 224 898 26 728 932 109 160 685 705 307 15 668 189 543 252 425 269 483 590 406 864 633 982; 603 712 134 584 274 173 694 29 690 908 807 351 719 761 807 141 957 823 647 437 918 277 406 227 327 732 128 97 57 784 734 426 946 822 727 498 942 525 970 637 643 728 960 519 449 342 235 624 283 919; 822 142 530 893 243 44 240 880 772 508 2 56 66 642 169 773 702 921 556 23 309 838 367 216 707 124 770 97 419 722 671 483 220 63 396 260 493 658 780 806 1 183 350 515 855 859 561 161 894 405; 582 491 172 354 765 556 404 392 863 935 278 191 390 955 184 475 610 681 563 236 638 338 54 32 156 955 265 964 137 172 732 829 598 266 576 227 824 687 639 855 944 702 654 32 753 361 697 775 579 586]
b = [19161.0, 19828.5, 17933.25, 19806.0, 20593.5, 17637.0, 21099.75, 17375.25, 19578.0]
c = [140.66666666666669, 515.3333333333334, 532.6666666666667, 547.3333333333334, 780.5, 470.50000000000006, 516.6666666666667, 817.5, 411.6666666666667, 442.33333333333337, 646.0, 931.5, 511.6666666666667, 51.0, 922.3333333333333, 816.3333333333333, 305.8333333333333, 284.8333333333333, 510.83333333333337, 827.6666666666667, 635.1666666666667, 458.8333333333334, 915.0, 608.0, 397.33333333333337, 639.0, 502.33333333333337, 575.8333333333334, 797.8333333333333, 507.1666666666667, 579.3333333333334, 504.0, 196.16666666666669, 445.00000000000006, 651.6666666666667, 774.0, 517.0, 397.0, 598.3333333333334, 115.33333333333337, 730.3333333333334, 721.0, 619.3333333333334, 388.1666666666667, 201.50000000000006, 600.5, 603.0, 765.5, 575.8333333333333, 806.5] 
c2 = [888.8333333333333, 379.0, 107.0, 181.0, 66.0, 394.0, 455.0, 146.0, 757.8333333333333, 367.0, 219.0, 51.0, 236.0, 931.5, 60.0, 134.0, 703.6666666666667, 809.6666666666667, 54.0, 146.0, 307.0, 298.0, 52.0, 114.0, 810.1666666666666, 295.0, 351.0, 366.0, 90.0, 131.0, 401.0, 291.0, 904.3333333333333, 384.0, 99.0, 99.0, 145.0, 755.5, 157.0, 901.1666666666666, 173.0, 64.0, 144.0, 700.3333333333333, 797.0, 257.0, 211.0, 135.0, 204.0, 108.0] 
