inst_name = "MDMKP_n30_m6_q6_α0.75" 
n = 30 
m = 6 
q = 6 
A = [676 941 447 358 317 670 227 518 512 716 261 712 595 867 829 377 726 619 782 862 597 387 70 826 587 350 310 191 237 971; 993 978 670 173 703 203 899 573 715 222 385 243 135 276 636 616 395 507 404 92 635 594 492 321 770 899 204 614 692 626; 192 272 603 988 962 907 978 36 841 141 722 379 911 737 52 978 505 783 592 668 229 880 499 257 585 924 10 2 272 205; 325 528 93 100 208 829 695 777 949 321 477 104 499 226 691 688 375 507 314 828 627 979 391 703 133 346 305 409 372 806; 116 173 389 595 740 968 295 912 409 684 459 181 736 615 737 124 65 340 978 29 557 961 827 176 337 490 743 93 33 163; 177 976 777 704 953 679 182 477 761 420 442 467 909 715 580 212 875 298 380 104 590 959 524 711 452 952 135 393 494 724; 469 343 245 129 674 111 268 400 705 336 638 606 786 180 305 718 36 627 949 345 304 189 52 597 994 32 788 764 313 324; 842 176 276 356 555 847 348 843 169 678 535 394 110 365 337 632 567 57 709 361 764 513 185 666 721 902 279 958 566 835; 642 622 559 28 129 762 849 529 781 258 82 783 561 504 592 890 10 561 485 807 499 794 906 13 107 728 856 749 611 169; 555 12 125 892 241 24 312 2 642 805 494 605 827 869 986 644 621 563 293 844 62 64 266 45 962 654 891 398 895 761; 259 233 98 292 167 655 174 981 949 883 696 599 893 330 140 92 954 35 529 748 275 128 251 753 961 592 992 166 322 933; 901 879 366 402 255 189 246 590 766 98 97 767 505 987 870 822 74 178 305 966 668 351 649 730 990 733 296 165 276 24]
b = [12403.5, 11748.75, 12082.5, 10953.75, 10443.75, 12766.5, 9920.25, 11659.5, 11899.5, 11515.5, 11310.0, 11358.75]
c = [221.99999999999994, 707.3333333333333, 868.5, 976.6666666666666, 1065.5, 1103.1666666666667, 635.0, 516.5, 824.3333333333334, 642.8333333333333, 904.1666666666666, 487.1666666666667, 862.3333333333334, 863.6666666666666, 664.3333333333333, 471.3333333333333, 878.3333333333333, 817.3333333333333, 630.1666666666666, 452.16666666666663, 885.6666666666665, 1253.6666666666667, 762.5, 896.8333333333333, 513.3333333333333, 713.4999999999999, 191.0, 355.49999999999994, 457.99999999999994, 950.0] 
c2 = [1227.6666666666667, 350.0, 392.0, 398.0, 368.0, 309.0, 377.0, 990.1666666666667, 600.0, 204.0, 516.0, 982.5, 501.0, 489.0, 437.0, 985.3333333333335, 237.0, 419.0, 358.0, 1019.5000000000001, 434.0, 191.0, 524.0, 396.0, 999.3333333333335, 220.0, 1253.6666666666667, 1129.1666666666667, 1164.6666666666667, 430.0] 
