inst_name = "MDMKP_n50_m10_q1_α0.75" 
n = 50 
m = 10 
q = 1 
A = [997 212 9 890 969 711 978 427 286 876 957 154 944 740 662 813 341 865 629 381 950 742 130 466 57 582 658 413 243 481 866 737 14 399 109 112 646 516 616 683 643 137 274 36 353 236 193 682 765 204; 514 388 688 593 795 660 488 657 352 703 742 572 628 132 724 98 706 390 935 458 297 286 806 494 962 425 875 272 608 990 236 455 799 359 128 1000 271 851 580 893 644 118 928 845 867 739 823 398 772 172; 321 41 740 906 842 570 787 393 663 73 804 217 774 913 440 922 391 298 670 277 599 695 258 446 221 381 677 147 942 893 994 237 84 265 889 339 460 393 862 937 714 959 734 976 820 175 50 149 720 430; 288 582 683 739 577 900 899 694 539 72 927 233 319 297 132 937 629 287 236 906 737 737 968 823 163 822 858 769 838 463 141 262 988 191 719 963 250 578 112 454 175 115 159 300 138 855 85 756 195 622; 737 309 271 62 847 185 460 5 111 614 34 956 562 558 718 450 268 169 928 282 798 863 21 947 825 953 450 61 204 387 99 271 578 397 240 683 926 251 227 764 327 7 261 64 97 498 207 681 135 657; 99 693 243 396 413 268 822 705 758 966 668 798 127 992 325 82 254 341 405 412 913 518 404 659 840 350 41 347 619 151 129 351 797 22 882 231 334 33 171 9 737 950 327 516 660 812 42 116 102 395; 174 702 580 751 437 170 376 285 411 396 809 515 703 74 638 816 797 218 809 985 310 235 730 639 306 863 130 210 965 956 747 494 73 399 623 701 377 642 683 362 575 830 662 584 711 967 679 554 201 734; 516 361 878 25 408 375 259 901 722 364 215 459 562 527 955 724 412 664 830 983 506 375 211 807 354 49 787 673 421 478 921 973 796 414 505 599 305 142 650 860 902 266 293 119 611 224 490 535 651 604; 355 75 779 507 75 83 689 155 316 25 424 513 123 66 735 480 193 995 26 461 456 391 231 890 846 706 127 666 999 415 997 853 414 176 283 767 644 986 979 503 337 146 830 329 866 533 695 868 135 439; 906 967 375 883 130 457 924 980 84 462 696 499 161 179 875 796 615 693 406 282 836 117 855 521 805 402 200 890 246 140 80 102 737 580 371 540 467 634 493 430 391 277 916 871 965 899 763 123 61 150; 136 649 633 497 319 112 209 688 168 615 730 72 322 653 37 261 778 762 228 493 194 698 303 55 47 258 277 467 101 368 984 89 793 565 914 733 968 214 727 360 904 507 798 479 278 866 455 253 415 526]
b = [19338.0, 21837.0, 20616.0, 19584.0, 16053.75, 16668.75, 20691.0, 19995.75, 18436.5, 19674.0, 17218.5]
c = [972.0999999999999, 663.1, 771.3, 705.5, 1012.4, 906.7, 1122.3000000000002, 816.4000000000001, 867.4, 698.6, 754.6, 809.4000000000001, 698.1, 437.5, 871.6999999999999, 675.6999999999999, 702.8, 480.8, 869.6, 983.4000000000001, 1025.8000000000002, 901.0999999999999, 746.0999999999999, 1103.7, 743.1999999999999, 847.5, 662.6, 773.1, 1033.4, 508.59999999999997, 917.6, 794.6, 473.7, 653.7, 458.5, 530.2, 646.2, 526.2, 829.5999999999999, 873.5, 469.1, 374.8, 748.5999999999999, 756.1, 616.0, 657.1999999999999, 512.2, 865.9, 532.2, 493.09999999999997] 
c2 = [484.8, 704.8, 473.8, 655.8, 406.8, 531.8, 374.8, 674.8, 461.8, 685.8, 589.8, 576.8, 517.8, 911.8, 438.8, 686.8, 647.8, 410.8, 403.8, 394.8, 448.8, 561.8, 404.8, 380.8, 530.8, 583.8, 726.8, 443.8, 403.8, 892.8, 484.8, 624.8, 650.8, 504.8, 703.8, 420.8, 502.8, 808.8, 607.8, 386.8, 601.8, 423.8, 671.8, 470.8, 490.8, 455.8, 790.8, 425.8, 491.8, 933.8] 
