inst_name = "MDMKP_n50_m10_q1_α0.5" 
n = 50 
m = 10 
q = 1 
A = [157 707 626 917 862 330 729 20 758 988 519 283 388 289 499 475 511 924 556 413 77 814 224 871 110 151 777 998 883 579 417 609 133 515 343 50 630 118 603 330 987 88 754 552 619 905 80 271 781 851; 536 583 688 193 251 668 533 877 424 217 518 875 583 492 45 50 127 415 257 580 160 663 55 37 516 864 519 872 397 316 742 651 135 496 413 896 419 785 786 364 558 572 573 500 404 740 89 69 742 98; 937 426 306 167 219 159 563 479 685 923 206 583 294 903 486 522 718 766 577 595 122 596 979 148 968 910 602 298 708 291 15 687 525 158 820 287 795 724 833 377 371 473 785 600 421 101 299 807 242 624; 223 598 968 152 244 578 530 740 967 107 581 604 227 399 408 707 763 728 862 344 405 116 650 905 997 753 831 265 274 944 623 529 379 351 626 214 900 28 919 154 293 690 819 117 371 528 951 221 815 81; 51 462 225 398 905 6 68 236 299 443 983 504 350 209 267 686 441 758 90 529 616 24 82 30 884 810 874 499 516 187 807 800 492 854 416 935 263 748 323 439 690 549 628 550 30 313 849 565 903 690; 929 835 370 638 193 55 896 966 820 823 952 882 846 351 892 764 373 791 844 568 750 599 142 682 393 593 714 167 633 543 859 768 616 565 338 647 59 138 660 266 341 607 822 467 824 11 288 635 549 958; 691 245 829 469 310 912 297 644 702 878 584 20 474 203 963 741 507 535 892 476 69 714 34 605 634 280 278 502 909 443 632 152 482 33 209 689 27 182 947 862 403 204 203 269 203 413 178 455 582 201; 952 970 177 989 90 423 821 329 937 233 401 709 1 309 174 597 162 774 956 678 69 941 958 547 96 435 390 948 361 145 420 590 312 104 494 856 912 636 656 796 397 625 101 574 156 628 752 400 538 16; 846 826 265 76 426 626 783 492 144 488 771 735 461 581 941 149 500 937 300 564 268 103 549 888 1000 38 6 598 206 790 540 442 71 641 559 16 985 707 227 324 492 95 720 880 178 428 773 782 683 868; 36 975 193 642 900 967 57 451 842 347 205 121 450 900 347 179 572 973 71 597 79 820 320 583 511 221 470 658 565 68 246 298 975 880 358 558 308 744 809 476 598 31 677 283 607 92 413 354 413 906; 792 773 34 491 966 114 172 749 451 742 329 633 509 939 856 610 484 859 893 312 484 699 3 52 209 118 610 625 411 528 280 63 225 664 120 131 579 777 153 575 502 453 370 508 171 491 331 321 100 821]
b = [13035.5, 11671.5, 13040.0, 13239.5, 12138.0, 14711.0, 11583.0, 12767.5, 12884.0, 12073.0, 11541.0]
c = [516.5999999999999, 660.4000000000001, 461.3, 780.0, 563.4, 931.0, 645.5, 873.5, 917.6999999999999, 615.5, 734.1, 903.3, 401.5, 724.7, 731.6, 581.0, 514.0, 949.2, 851.2, 803.2, 678.1, 474.1, 609.0, 679.4, 795.0, 973.7, 695.1, 583.0, 639.1, 497.8, 737.1, 871.3000000000001, 504.5, 638.3, 770.6, 821.6999999999999, 891.9, 533.3, 1061.0, 876.3, 557.8, 738.0999999999999, 956.2, 633.4, 744.2, 846.8, 874.0999999999999, 573.8, 864.8, 687.1999999999999] 
c2 = [730.5, 530.5, 785.5, 680.5, 710.5, 456.5, 409.5, 529.5, 403.5, 733.5, 595.5, 477.5, 438.5, 717.5, 570.5, 715.5, 466.5, 404.5, 449.5, 406.5, 537.5, 443.5, 468.5, 738.5, 616.5, 440.5, 606.5, 777.5, 416.5, 806.5, 577.5, 475.5, 731.5, 516.5, 634.5, 515.5, 566.5, 693.5, 401.5, 446.5, 464.5, 537.5, 440.5, 645.5, 692.5, 524.5, 547.5, 703.5, 478.5, 425.5] 
