inst_name = "MDMKP_n30_m6_q6_α0.25" 
n = 30 
m = 6 
q = 6 
A = [227 845 486 521 322 969 877 104 897 387 460 845 767 719 5 905 845 928 63 536 625 896 311 930 621 607 547 947 993 635; 545 791 778 837 21 284 657 969 51 507 881 676 424 350 43 87 354 827 199 963 437 712 168 17 456 737 260 10 958 743; 293 128 598 69 770 249 586 14 334 293 440 62 122 647 729 805 889 979 51 170 818 141 366 842 200 80 676 821 447 204; 762 975 369 980 296 130 888 182 241 758 92 106 434 531 774 537 582 488 572 610 327 623 129 990 812 140 88 426 646 578; 924 737 911 768 620 769 658 10 303 180 256 312 628 875 300 551 93 810 488 79 834 687 841 683 380 505 429 760 326 540; 91 580 398 561 960 725 100 222 348 518 669 857 240 329 53 114 432 768 808 614 711 781 299 328 819 833 48 123 727 739; 273 256 973 790 142 509 675 604 190 5 349 592 175 72 548 534 747 958 738 909 80 286 645 382 476 718 315 636 71 148; 570 977 618 899 440 713 913 343 22 963 948 723 187 362 440 263 213 973 559 680 75 900 549 279 385 94 694 272 586 51; 500 795 268 905 358 538 302 678 835 350 318 662 33 117 804 45 900 503 593 883 448 392 240 846 739 144 960 813 591 478; 651 946 935 723 205 330 932 70 856 712 155 222 160 798 363 855 844 817 280 368 78 688 231 568 320 401 80 754 76 544; 824 241 835 606 290 843 529 753 191 993 752 192 702 475 687 647 287 90 283 864 848 930 783 527 892 733 129 784 159 116; 506 863 395 685 213 419 431 884 47 68 504 556 716 517 690 217 104 639 477 263 267 83 190 205 39 477 675 627 137 335]
b = [4705.0, 3685.5, 3205.75, 3766.5, 4064.25, 3698.75, 3449.0, 3922.75, 4009.5, 3740.5, 4246.25, 3057.25]
c = [410.8333333333334, 327.5000000000001, 225.5000000000001, 480.83333333333337, 1014.6666666666667, 383.5000000000001, 368.5, 306.0, 776.6666666666667, 411.5000000000001, 698.1666666666667, 496.33333333333337, 458.16666666666674, 721.1666666666667, 409.8333333333334, 604.1666666666667, 402.83333333333337, 892.8333333333334, 476.3333333333334, 160.33333333333343, 712.1666666666667, 529.6666666666667, 503.83333333333337, 895.0, 379.00000000000006, 407.0000000000001, 527.0, 443.0000000000001, 1154.0, 910.6666666666667] 
c2 = [1002.5, 1114.8333333333333, 1129.8333333333333, 1129.5, 209.33333333333343, 1112.8333333333333, 1133.8333333333335, 1031.3333333333335, 454.3333333333334, 1098.8333333333333, 274.3333333333334, 835.0, 864.1666666666667, 299.3333333333334, 1128.5, 634.3333333333335, 934.5, 356.3333333333334, 1043.0, 1154.0, 386.3333333333334, 329.3333333333334, 685.3333333333335, 196.33333333333343, 1036.3333333333335, 949.3333333333333, 660.3333333333335, 1097.3333333333333, 160.33333333333343, 209.33333333333343] 
