inst_name = "MDMKP_n30_m6_q3_α0.75" 
n = 30 
m = 6 
q = 3 
A = [828 831 702 53 577 181 240 330 304 927 522 438 693 426 514 733 608 198 361 399 280 953 125 975 47 457 527 544 940 633; 344 618 174 662 45 285 863 505 151 647 694 997 57 247 687 509 99 895 921 965 470 276 603 948 343 182 937 400 6 682; 145 559 495 950 54 369 364 472 456 674 142 850 934 786 675 215 97 680 47 722 773 740 336 641 667 81 741 993 206 882; 327 274 327 441 946 253 959 611 786 211 876 332 582 56 395 342 293 434 67 994 247 118 241 329 297 837 754 101 419 61; 919 915 991 67 573 336 876 879 527 547 161 834 221 391 770 450 609 364 10 936 359 513 931 721 390 300 992 280 52 523; 273 77 458 326 722 224 505 548 200 203 870 740 350 64 482 803 687 463 686 431 216 763 641 825 218 486 170 285 356 436; 212 876 994 704 580 971 747 315 42 714 935 53 379 547 424 695 822 967 422 2 151 474 219 353 150 85 153 123 307 992; 205 63 641 317 522 320 34 907 378 894 518 147 601 49 389 515 725 763 160 735 567 325 562 856 104 399 742 409 48 412; 828 618 195 457 561 814 882 453 389 4 530 879 13 596 876 355 19 955 733 427 700 142 544 11 80 424 466 578 535 647]
b = [11509.5, 11409.0, 11809.5, 9682.5, 12327.75, 10131.0, 10806.0, 9980.25, 11033.25]
c = [817.3333333333333, 813.3333333333333, 721.6666666666666, 607.3333333333333, 576.1666666666666, 146.0, 934.5, 795.5, 776.3333333333333, 613.3333333333333, 450.83333333333326, 710.8333333333333, 554.5, 461.83333333333326, 842.8333333333333, 800.0, 464.99999999999994, 175.33333333333331, 466.66666666666663, 1059.3333333333333, 406.66666666666663, 805.8333333333333, 430.83333333333326, 823.6666666666666, 753.5, 326.33333333333326, 787.1666666666666, 440.99999999999994, 658.6666666666666, 711.5] 
c2 = [177.0, 250.0, 352.0, 390.0, 197.0, 1059.3333333333333, 177.0, 316.0, 206.0, 449.0, 858.5, 462.0, 380.0, 207.0, 307.0, 392.0, 288.0, 1051.0, 216.0, 146.0, 1025.6666666666667, 252.0, 1029.5, 162.0, 329.0, 951.0, 262.0, 781.3333333333333, 508.0, 380.0] 
