inst_name = "MDMKP_n50_m6_q1_α0.5" 
n = 50 
m = 6 
q = 1 
A = [338 957 879 264 264 36 138 302 126 200 217 546 979 942 465 240 596 428 425 495 793 180 460 234 417 361 875 117 193 138 335 790 358 920 602 959 905 641 645 834 334 824 63 997 439 591 66 135 96 955; 948 391 485 226 417 117 916 616 791 527 938 108 829 303 993 135 613 158 680 10 741 92 461 75 837 897 479 867 190 247 142 396 475 382 59 639 167 207 785 404 369 629 818 416 8 472 687 845 33 114; 286 695 18 539 899 753 318 969 205 663 930 819 861 92 329 884 583 594 464 811 441 389 58 945 123 866 564 890 145 882 638 500 559 413 670 448 262 366 400 830 35 1000 697 683 150 566 673 616 230 567; 420 926 173 251 994 436 637 151 396 807 252 285 20 658 396 4 838 553 674 382 132 214 677 762 641 226 717 357 657 236 620 966 451 541 743 702 326 17 67 857 461 245 2 752 181 430 790 987 43 971; 486 496 269 227 603 553 216 442 695 186 249 319 496 881 516 653 791 632 543 33 8 946 257 841 877 280 830 650 844 150 775 458 637 91 459 819 336 165 299 956 703 163 669 489 654 932 139 141 237 388; 669 667 564 957 501 97 348 826 576 368 823 766 150 82 805 843 12 50 455 732 321 457 126 897 460 778 739 209 573 854 686 285 407 321 890 44 779 396 182 78 151 749 878 955 118 864 440 144 368 764; 245 290 738 236 856 606 95 404 691 718 173 188 725 30 528 999 850 424 560 228 239 347 177 156 888 228 649 416 640 524 363 264 929 208 454 148 734 799 930 471 905 514 3 584 656 11 616 35 323 764]
b = [12047.0, 11567.0, 13659.0, 12012.0, 12239.5, 12602.0, 11779.5]
c = [848.6666666666667, 1050.3333333333333, 730.0, 641.3333333333334, 890.3333333333334, 716.0, 558.0, 763.6666666666667, 674.6666666666666, 608.8333333333333, 639.3333333333333, 697.5, 650.0, 748.0, 761.0, 488.3333333333333, 760.5, 731.8333333333333, 661.8333333333333, 847.5, 646.1666666666667, 786.8333333333334, 775.3333333333333, 824.6666666666666, 661.1666666666666, 735.0, 972.5, 930.6666666666667, 637.0, 750.5, 522.1666666666666, 591.8333333333334, 486.33333333333337, 760.0, 734.8333333333333, 712.1666666666667, 735.1666666666667, 505.5, 571.3333333333333, 1021.3333333333334, 291.33333333333337, 956.0, 570.6666666666666, 803.0, 354.0, 865.6666666666666, 493.16666666666663, 872.1666666666667, 449.0, 904.1666666666667] 
c2 = [474.33333333333337, 291.33333333333337, 325.33333333333337, 605.3333333333334, 313.33333333333337, 497.33333333333337, 721.3333333333334, 342.33333333333337, 599.3333333333334, 442.33333333333337, 409.33333333333337, 485.33333333333337, 661.3333333333334, 303.33333333333337, 433.33333333333337, 561.3333333333334, 360.33333333333337, 347.33333333333337, 370.33333333333337, 292.33333333333337, 318.33333333333337, 355.33333333333337, 352.33333333333337, 449.33333333333337, 652.3333333333334, 534.3333333333334, 344.33333333333337, 360.33333333333337, 656.3333333333334, 387.33333333333337, 574.3333333333334, 733.3333333333334, 569.3333333333334, 442.33333333333337, 495.33333333333337, 389.33333333333337, 294.33333333333337, 592.3333333333334, 354.33333333333337, 300.33333333333337, 1050.3333333333333, 379.33333333333337, 354.33333333333337, 538.3333333333334, 996.6666666666666, 362.33333333333337, 601.3333333333334, 366.33333333333337, 446.33333333333337, 306.33333333333337] 
