inst_name = "MDMKP_n50_m10_q1_α0.25" 
n = 50 
m = 10 
q = 1 
A = [551 698 664 175 12 361 222 431 187 709 804 897 460 535 657 304 191 149 191 780 526 589 350 504 957 14 348 85 434 528 467 573 346 488 643 753 870 715 277 22 310 304 666 172 134 381 416 302 335 400; 782 306 291 365 417 166 426 594 864 325 670 699 107 442 725 474 697 302 188 953 131 790 444 747 725 196 236 774 2 339 873 577 571 748 516 129 173 69 871 245 77 928 740 715 368 181 702 794 4 912; 997 14 889 22 38 417 352 316 969 157 22 414 530 970 834 867 527 86 846 60 67 845 287 885 58 563 878 697 234 329 915 944 842 293 287 365 710 980 984 86 535 691 302 893 369 938 929 387 418 928; 87 115 604 15 447 433 493 977 949 376 200 940 612 584 273 919 250 466 646 337 664 736 502 562 442 250 891 342 942 622 480 898 34 682 36 624 722 458 265 2 80 926 926 757 689 157 698 730 471 987; 923 480 639 307 247 810 504 551 354 569 622 16 862 738 724 481 668 938 591 596 411 118 816 352 3 598 76 637 15 463 55 489 875 933 389 263 556 79 697 22 686 190 329 415 314 761 313 407 356 847; 721 329 781 297 214 763 465 700 881 883 585 396 737 687 942 306 383 997 998 934 116 441 209 751 276 795 589 451 11 592 552 597 350 672 596 656 392 106 161 688 869 506 965 894 961 943 846 704 799 59; 361 465 79 123 479 561 713 897 760 837 980 358 161 821 318 228 18 55 672 340 239 357 911 991 309 894 104 720 401 289 256 826 958 56 681 96 581 685 841 381 429 614 224 968 285 674 551 584 117 99; 274 396 372 261 690 51 749 310 422 611 993 435 67 384 429 5 511 841 265 13 725 148 349 701 412 245 304 529 1000 19 240 763 910 846 831 567 177 199 847 582 788 946 947 361 868 349 97 956 803 501; 920 484 699 414 352 457 712 910 705 393 32 800 778 909 108 635 140 301 22 175 611 987 306 233 38 404 435 352 485 655 542 321 975 130 670 262 301 466 197 167 818 187 948 869 860 304 86 781 696 528; 552 581 811 869 106 123 133 590 647 64 638 935 102 689 591 591 295 546 900 716 777 273 273 318 81 298 464 517 643 420 723 523 272 782 95 693 90 603 208 889 666 574 221 23 846 629 546 739 79 394; 311 893 58 656 296 754 870 145 200 926 165 248 593 750 28 700 554 452 175 637 32 182 371 463 802 74 160 169 976 526 619 469 576 48 502 34 919 711 703 457 447 220 745 630 749 133 53 571 710 28]
b = [5471.75, 6092.5, 6741.5, 6574.5, 6021.25, 7386.5, 6086.75, 6272.25, 6140.0, 6034.5, 5622.5]
c = [755.6999999999999, 612.5, 612.1, 584.2, 430.59999999999997, 618.8, 754.9, 978.1, 728.8, 629.8, 648.1, 909.2, 552.3, 835.9, 647.3000000000001, 631.0, 702.6, 522.9000000000001, 929.4, 696.7, 798.5, 665.2, 522.5999999999999, 808.1, 734.9000000000001, 423.3, 901.5, 748.5, 569.1, 598.0, 693.4000000000001, 1079.2, 710.6999999999999, 1023.2, 479.2, 732.4000000000001, 730.3, 474.9, 684.5, 582.7, 676.0999999999999, 869.6, 777.3, 548.7, 684.5, 888.4000000000001, 983.1, 826.3, 396.8, 837.7] 
c2 = [497.8, 443.8, 684.8, 824.8, 433.8, 822.8, 447.8, 446.8, 546.8, 480.8, 466.8, 472.8, 415.8, 514.8, 488.8, 799.8, 703.8, 830.8, 543.8, 440.8, 444.8, 408.8, 632.8, 426.8, 660.8, 1020.8, 565.8, 471.8, 437.8, 547.8, 511.8, 396.8, 694.8, 402.8, 460.8, 684.8, 666.8, 644.8, 493.8, 780.8, 759.8, 460.8, 635.8, 492.8, 689.8, 444.8, 457.8, 416.8, 958.8, 534.8] 
