inst_name = "MDMKP_n40_m6_q3_α0.25" 
n = 40 
m = 6 
q = 3 
A = [335 349 375 797 636 656 515 168 43 908 604 728 478 367 199 267 595 684 506 17 264 895 448 881 278 601 504 420 618 280 297 254 561 594 771 465 187 705 906 333; 369 288 529 277 756 522 115 575 439 799 251 451 216 309 109 629 288 381 760 442 334 83 341 691 884 598 640 496 725 798 246 312 882 355 42 311 686 835 989 271; 547 209 686 818 48 671 196 98 674 816 124 587 871 316 456 270 24 487 106 307 611 436 378 712 184 99 612 648 533 170 897 517 264 59 108 111 372 257 772 787; 64 299 366 266 530 682 23 620 417 369 788 304 849 850 957 196 585 601 762 261 188 264 309 371 180 601 659 455 167 708 67 820 245 267 435 811 858 760 699 935; 604 177 584 675 517 76 823 940 345 270 740 738 80 168 534 839 721 413 856 745 734 818 444 403 519 182 329 26 59 182 446 606 585 676 957 489 668 313 249 467; 546 283 126 185 436 629 972 8 353 249 881 590 280 211 907 626 574 578 425 562 529 142 173 673 758 817 22 5 389 67 436 60 684 861 929 774 479 763 71 423; 144 252 393 596 524 393 568 809 9 109 376 542 217 201 323 842 199 964 198 266 783 672 736 389 273 482 579 516 238 487 670 395 869 578 341 677 858 599 207 634; 904 676 551 391 346 407 191 307 618 470 919 439 941 563 915 254 912 142 881 932 573 372 343 146 138 725 996 714 428 430 631 926 711 149 522 634 328 415 632 196; 245 343 687 678 175 488 994 900 739 846 549 506 264 109 133 424 978 183 47 278 87 990 460 178 333 135 311 513 637 446 765 984 245 465 310 85 12 732 556 550]
b = [4872.25, 4756.0, 4209.5, 4897.0, 4999.25, 4619.0, 4727.0, 5442.0, 4590.0]
c = [335.3333333333333, 330.66666666666663, 412.5, 415.5, 588.0, 759.6666666666667, 263.5, 350.5, 375.83333333333337, 416.0, 652.3333333333333, 328.5, 305.3333333333333, 384.6666666666667, 733.5, 227.83333333333334, 296.3333333333333, 394.16666666666663, 546.5, 518.0, 507.8333333333333, 185.66666666666669, 237.33333333333331, 923.0, 728.1666666666667, 714.3333333333334, 616.6666666666667, 96.16666666666669, 253.00000000000003, 535.3333333333334, 123.83333333333337, 54.0, 237.66666666666669, 425.0, 824.8333333333334, 535.8333333333334, 822.0, 624.5, 446.83333333333337, 591.0] 
c2 = [802.6666666666667, 738.3333333333334, 698.5, 723.5, 386.0, 182.0, 860.5, 789.5, 634.1666666666666, 660.0, 233.0, 824.5, 917.6666666666667, 711.3333333333333, 151.0, 822.1666666666666, 681.6666666666667, 868.8333333333334, 333.0, 309.0, 208.0, 804.3333333333333, 893.6666666666667, 54.0, 244.0, 187.0, 224.0, 894.8333333333333, 831.0, 54.0, 922.1666666666666, 923.0, 835.3333333333333, 667.0, 88.0, 220.0, 54.0, 209.0, 322.0, 233.0] 
