inst_name = "MDMKP_n50_m6_q3_α0.5" 
n = 50 
m = 6 
q = 3 
A = [23 161 249 1000 729 23 988 906 27 577 368 706 477 705 118 823 507 894 783 844 331 159 683 414 634 296 300 365 866 570 818 318 617 387 281 484 227 423 998 926 515 265 535 230 205 370 716 369 70 9; 50 926 698 500 286 136 643 976 139 764 51 815 920 911 197 685 219 225 94 394 362 25 584 122 459 650 771 151 412 986 246 616 629 815 361 730 348 351 495 875 903 613 39 370 22 87 329 990 849 750; 323 634 650 767 367 128 506 4 360 574 572 718 58 176 959 771 621 723 512 540 90 491 227 519 713 640 515 457 939 4 309 419 602 508 198 638 994 831 344 91 984 599 207 655 125 74 138 472 900 867; 935 91 992 822 355 358 198 644 39 541 906 264 19 738 844 45 423 84 92 757 220 109 112 380 914 166 116 138 91 918 899 489 189 762 2 608 210 59 58 677 45 287 428 751 714 227 59 849 653 311; 649 561 315 379 56 973 990 965 208 27 644 868 705 717 875 377 474 869 559 215 682 146 943 380 425 891 721 991 738 241 53 982 17 62 602 21 569 635 356 424 731 386 173 89 933 3 469 919 396 407; 589 960 769 509 702 811 822 533 371 939 739 483 997 813 261 740 745 679 612 740 916 717 64 992 829 628 757 362 239 901 97 731 601 641 331 410 191 293 41 800 864 78 96 342 573 34 361 658 413 480; 730 47 727 984 881 535 308 469 603 294 715 651 831 108 628 807 783 739 444 256 357 434 476 14 405 299 962 146 169 405 389 152 748 543 986 652 143 389 582 98 318 388 618 66 896 130 582 949 526 460; 138 464 60 337 905 346 234 524 769 174 641 23 384 999 690 314 519 181 576 725 444 873 290 414 455 370 361 802 173 147 928 999 394 141 380 70 39 664 399 598 666 420 724 878 10 8 17 168 215 875; 870 608 5 514 950 380 142 376 96 744 21 30 954 305 438 559 420 977 209 98 790 128 126 35 433 337 842 911 34 132 481 625 803 956 54 742 258 756 654 983 793 783 424 759 896 59 338 969 926 265]
b = [12144.5, 12284.5, 12256.5, 10294.0, 12905.5, 14127.0, 12411.0, 10962.5, 12494.0]
c = [293.5, 629.0, 1025.1666666666665, 452.00000000000006, 284.8333333333333, 374.66666666666663, 1047.1666666666665, 758.1666666666667, 231.0, 448.33333333333337, 507.16666666666663, 920.0, 632.8333333333334, 861.3333333333333, 449.6666666666667, 358.5, 281.1666666666667, 702.8333333333333, 412.16666666666663, 781.8333333333333, 223.33333333333331, 190.33333333333334, 696.8333333333334, 505.66666666666663, 891.8333333333334, 647.5, 279.1666666666667, 445.83333333333337, 594.8333333333333, 549.3333333333334, 619.0, 366.5, 358.3333333333333, 785.8333333333333, 344.16666666666663, 432.8333333333333, 659.8333333333334, 345.5, 204.5, 422.3333333333333, 452.49999999999994, 261.16666666666663, 492.0, 322.33333333333337, 488.33333333333337, 439.66666666666663, 249.16666666666666, 886.8333333333333, 349.00000000000006, 294.0] 
c2 = [1011.9999999999999, 190.33333333333334, 204.33333333333334, 474.33333333333337, 990.6666666666666, 909.8333333333333, 190.33333333333334, 396.33333333333337, 1009.4999999999999, 781.3333333333334, 613.3333333333334, 207.33333333333334, 447.33333333333337, 365.33333333333337, 493.33333333333337, 1029.0, 968.3333333333331, 485.3333333333333, 908.3333333333333, 280.33333333333337, 1032.1666666666665, 1047.1666666666665, 420.33333333333337, 252.33333333333334, 225.33333333333334, 356.33333333333337, 1045.333333333333, 403.33333333333337, 303.3333333333333, 458.33333333333337, 477.33333333333337, 966.9999999999999, 890.1666666666666, 425.33333333333337, 1008.3333333333333, 795.3333333333334, 193.33333333333334, 1030.0, 1044.9999999999998, 912.1666666666666, 395.33333333333337, 1033.3333333333333, 336.33333333333337, 936.1666666666665, 506.33333333333337, 407.33333333333337, 1004.3333333333333, 255.33333333333334, 1029.5, 953.4999999999999] 
