inst_name = "MDMKP_n30_m6_q1_α0.25" 
n = 30 
m = 6 
q = 1 
A = [226 981 98 683 299 33 539 832 480 3 164 699 484 656 834 851 620 360 419 538 579 101 208 484 762 788 371 950 604 533; 526 270 633 879 219 570 342 779 1 449 877 965 878 663 397 101 288 821 951 827 946 554 338 51 827 320 425 192 227 631; 741 558 514 155 869 407 132 222 473 617 321 972 166 319 970 670 210 432 615 263 298 943 330 856 867 504 112 829 513 65; 899 825 798 117 713 902 855 873 639 277 178 828 573 362 273 427 45 408 545 155 222 26 813 757 195 455 766 380 118 698; 296 423 168 981 483 980 260 723 168 541 398 2 930 404 296 99 992 153 588 74 602 872 116 202 836 341 23 857 141 209; 815 747 817 958 419 234 528 963 585 134 101 529 184 97 830 483 536 108 100 790 268 657 719 383 646 337 338 87 332 37; 102 881 494 692 878 190 15 995 31 225 519 841 260 801 615 680 911 981 75 577 937 56 202 77 3 296 172 66 983 686]
b = [3794.75, 3986.75, 3735.75, 3780.5, 3289.5, 3440.5, 3560.25]
c = [1026.8333333333335, 787.1666666666666, 522.3333333333334, 928.5, 469.0, 639.3333333333333, 820.1666666666667, 1001.1666666666666, 410.8333333333333, 794.3333333333333, 743.3333333333333, 725.6666666666667, 842.5, 558.3333333333333, 892.5, 695.1666666666667, 681.6666666666666, 276.8333333333333, 823.8333333333334, 450.0, 699.6666666666666, 601.1666666666666, 472.0, 942.6666666666667, 1158.3333333333335, 873.1666666666667, 750.5, 543.1666666666666, 398.66666666666663, 572.8333333333334] 
c2 = [277.8333333333333, 400.8333333333333, 645.8333333333333, 484.8333333333333, 449.8333333333333, 294.8333333333333, 500.8333333333333, 297.8333333333333, 1148.3333333333335, 514.8333333333333, 668.8333333333333, 547.8333333333334, 283.8333333333333, 375.8333333333333, 292.8333333333333, 684.8333333333334, 519.8333333333333, 1158.3333333333335, 519.8333333333333, 291.8333333333333, 590.8333333333333, 600.8333333333333, 451.8333333333333, 462.8333333333333, 276.8333333333333, 402.8333333333333, 462.8333333333333, 633.8333333333333, 1114.5000000000002, 742.8333333333333] 
