inst_name = "MDMKP_n30_m6_q3_α0.25" 
n = 30 
m = 6 
q = 3 
A = [39 444 313 236 814 147 871 397 273 468 11 196 836 828 497 126 187 834 819 361 388 299 927 241 45 618 713 302 480 561; 291 841 279 23 278 139 329 450 459 68 128 638 422 537 887 623 683 499 9 247 342 174 160 336 292 85 641 848 164 377; 145 684 979 888 742 992 192 861 796 793 193 704 529 933 867 234 733 573 334 616 914 914 360 925 503 670 801 822 252 438; 891 185 359 666 318 853 558 98 563 159 384 17 65 819 695 738 176 420 455 792 860 669 297 511 739 34 354 423 10 938; 897 830 385 666 344 368 427 783 165 675 994 761 995 657 212 739 758 429 248 291 283 173 404 76 467 678 222 901 150 131; 978 699 431 587 645 183 605 939 400 229 345 871 282 984 249 684 138 252 307 174 382 934 563 615 375 511 224 371 776 291; 847 554 519 322 502 37 82 235 184 356 989 119 697 375 72 72 975 206 685 663 934 644 468 483 660 775 244 899 319 159; 303 582 172 619 505 267 648 546 261 357 417 844 916 463 763 673 980 429 415 612 790 226 304 3 872 188 444 920 174 45; 946 496 643 892 877 910 515 629 946 577 420 276 376 2 545 655 642 933 110 719 498 211 95 639 292 16 653 382 897 128]
b = [3317.75, 2812.25, 4846.75, 3511.5, 3777.25, 3756.0, 3519.0, 3684.5, 3980.0]
c = [420.8333333333333, 386.83333333333337, 685.3333333333334, 550.5, 599.5, 469.66666666666663, 674.5, 568.0, 570.8333333333334, 238.66666666666669, 348.1666666666667, 384.66666666666663, 330.0, 953.0, 457.83333333333337, 730.6666666666666, 408.0, 529.8333333333334, 425.33333333333337, 106.16666666666669, 207.83333333333331, 387.0, 702.3333333333333, 563.1666666666667, 594.5, 434.5, 739.0, 264.3333333333333, 518.6666666666666, 570.6666666666667] 
c2 = [919.3333333333335, 740.3333333333333, 185.16666666666669, 316.1666666666667, 413.1666666666667, 544.1666666666667, 285.1666666666667, 171.16666666666669, 224.16666666666669, 943.5, 907.0, 843.5, 936.1666666666667, 106.16666666666669, 347.1666666666667, 208.16666666666669, 657.1666666666667, 171.16666666666669, 575.1666666666667, 953.0, 871.3333333333335, 746.1666666666667, 247.16666666666669, 495.1666666666667, 234.16666666666669, 524.1666666666667, 140.16666666666669, 803.8333333333335, 109.16666666666669, 478.1666666666667] 
