inst_name = "MDMKP_n50_m6_q1_α0.25" 
n = 50 
m = 6 
q = 1 
A = [561 608 550 607 723 706 650 88 553 883 442 18 39 203 26 823 184 330 868 890 42 247 347 375 686 19 391 233 610 991 299 590 27 311 947 153 197 537 901 219 829 40 801 765 422 443 862 930 849 820; 162 180 437 950 126 847 666 467 388 305 588 936 119 983 773 342 714 100 866 981 507 333 876 460 442 253 68 489 14 220 90 689 767 516 573 451 290 697 22 534 834 865 521 930 404 606 867 470 243 557; 962 32 740 240 38 310 920 67 249 80 821 403 131 778 930 655 356 923 151 240 157 991 408 851 274 207 237 226 545 623 468 403 396 863 182 37 147 400 230 205 976 794 12 596 818 173 598 108 686 351; 411 103 691 332 4 189 243 275 441 566 693 768 217 677 608 947 729 349 167 924 749 567 589 78 490 62 399 448 328 376 413 760 450 60 414 925 26 197 598 576 377 72 524 771 455 926 285 932 665 538; 493 422 470 65 804 625 866 920 364 264 711 660 539 81 326 839 301 390 37 490 956 730 365 635 258 597 746 940 145 400 389 857 142 734 70 430 750 65 530 113 597 204 987 164 99 509 606 30 549 799; 347 918 800 200 819 131 473 764 39 109 905 563 254 776 887 63 576 641 792 749 95 652 824 715 255 308 516 75 609 974 295 260 524 235 906 902 467 259 94 890 383 526 492 499 462 535 344 511 302 765; 814 348 866 892 840 107 247 152 275 350 725 786 245 181 273 933 379 598 186 478 623 164 433 49 417 885 801 154 895 738 379 376 770 386 624 166 168 48 225 811 716 113 792 836 77 307 344 867 667 417]
b = [6158.75, 6379.5, 5497.0, 5846.0, 6015.75, 6370.0, 5980.75]
c = [848.6666666666666, 694.1666666666667, 935.3333333333333, 430.33333333333337, 424.0, 455.1666666666667, 1045.1666666666667, 654.8333333333334, 373.1666666666667, 644.5, 762.5, 487.0, 245.66666666666666, 887.8333333333334, 961.1666666666666, 691.0, 508.5, 670.8333333333333, 549.1666666666667, 942.6666666666667, 458.83333333333337, 874.3333333333333, 891.0, 800.8333333333333, 686.3333333333333, 203.5, 719.3333333333333, 581.1666666666666, 591.0, 834.3333333333334, 687.5, 835.5, 301.0, 448.83333333333337, 706.3333333333334, 600.3333333333333, 384.8333333333333, 786.1666666666667, 558.3333333333333, 637.6666666666666, 761.6666666666666, 433.0, 769.1666666666666, 726.5, 470.5, 730.8333333333333, 546.3333333333333, 542.3333333333333, 632.8333333333333, 963.8333333333334] 
c2 = [366.5, 468.5, 259.5, 509.5, 771.5, 496.5, 203.5, 531.5, 877.5, 454.5, 265.5, 220.5, 1029.0, 331.5, 256.5, 449.5, 549.5, 309.5, 637.5, 291.5, 615.5, 205.5, 207.5, 255.5, 439.5, 1045.1666666666667, 410.5, 559.5, 494.5, 376.5, 433.5, 362.5, 1019.6666666666667, 555.5, 426.5, 393.5, 989.8333333333335, 214.5, 493.5, 427.5, 254.5, 544.5, 327.5, 367.5, 262.5, 375.5, 223.5, 384.5, 244.5, 237.5] 
