inst_name = "MDMKP_n40_m6_q6_α0.75" 
n = 40 
m = 6 
q = 6 
A = [765 570 989 79 442 675 855 11 251 904 222 664 113 161 176 342 14 403 7 565 380 870 990 930 388 817 471 294 812 196 835 289 595 553 117 789 193 182 788 57; 808 197 335 342 419 4 568 958 171 652 457 176 639 514 301 637 83 213 372 701 472 213 187 834 413 441 105 511 893 198 853 651 351 974 487 70 304 807 393 34; 190 7 649 92 187 874 673 213 608 191 714 213 993 762 78 901 657 480 365 532 277 688 36 33 280 218 539 553 289 424 714 20 195 737 993 356 658 12 108 408; 966 152 266 900 387 753 392 881 981 822 368 223 403 654 419 789 508 864 15 106 388 405 367 218 834 25 327 942 961 417 527 382 228 336 214 301 32 590 745 52; 664 34 989 631 807 870 891 659 52 807 637 96 172 761 904 237 542 705 539 130 290 297 426 522 280 273 779 338 606 290 323 477 368 775 822 21 56 349 391 626; 624 606 909 210 380 549 996 767 459 355 362 465 571 365 585 709 493 342 862 459 300 958 101 704 605 616 326 87 9 805 326 915 545 333 664 501 778 464 397 275; 875 592 454 185 745 73 776 306 511 297 670 982 253 463 514 978 463 666 897 870 362 235 724 365 364 238 514 210 177 581 983 560 543 552 117 827 550 1 67 74; 110 755 822 198 542 149 372 108 689 889 149 283 815 799 574 757 765 85 388 372 643 68 373 445 132 286 621 157 987 917 795 274 301 326 757 464 662 977 417 216; 383 509 966 476 629 590 574 948 751 115 789 675 434 618 437 13 518 731 299 761 778 375 435 53 675 670 826 426 344 111 761 600 810 842 563 298 964 770 173 717; 639 251 764 164 736 472 844 554 184 289 741 187 349 574 691 485 675 25 559 271 952 410 927 307 79 882 917 429 446 850 367 937 464 252 152 913 956 726 636 904; 923 318 581 230 931 351 8 425 610 366 649 276 787 951 186 935 661 956 25 428 365 332 18 271 577 793 316 831 453 359 136 119 76 988 863 945 794 639 339 751; 976 883 722 170 767 356 206 615 123 725 597 478 13 57 394 41 963 60 389 25 550 358 366 319 571 66 854 986 871 294 988 705 808 69 698 399 394 599 420 370]
b = [14065.5, 13303.5, 12687.75, 14355.0, 14577.0, 15582.75, 14710.5, 14579.25, 16805.25, 16470.0, 15421.5, 14433.75]
c = [512.6666666666667, 553.8333333333333, 530.5, 1012.6666666666667, 326.1666666666667, 878.1666666666667, 950.0, 848.0, 646.5, 1009.1666666666667, 525.0, 355.1666666666667, 749.1666666666667, 413.3333333333333, 373.6666666666667, 771.8333333333333, 167.83333333333337, 954.8333333333334, 623.0, 745.1666666666667, 137.0, 899.6666666666667, 416.50000000000006, 1051.0, 656.1666666666667, 793.3333333333333, 384.00000000000006, 331.83333333333337, 557.8333333333333, 303.83333333333337, 508.8333333333334, 667.3333333333334, 509.1666666666667, 937.3333333333334, 558.6666666666667, 512.8333333333334, 256.0, 181.16666666666674, 752.5, 135.83333333333337] 
c2 = [324.83333333333337, 315.83333333333337, 324.83333333333337, 160.83333333333337, 871.6666666666666, 261.83333333333337, 141.83333333333337, 140.83333333333337, 488.83333333333337, 153.83333333333337, 407.83333333333337, 941.6666666666666, 360.83333333333337, 951.5000000000001, 983.1666666666666, 367.83333333333337, 1051.0, 160.83333333333337, 287.83333333333337, 273.83333333333337, 1049.8333333333335, 276.83333333333337, 980.3333333333334, 135.83333333333337, 302.83333333333337, 141.83333333333337, 845.8333333333334, 963.0, 613.8333333333334, 891.0, 431.83333333333337, 205.83333333333337, 252.83333333333337, 227.83333333333337, 450.83333333333337, 638.8333333333334, 1016.8333333333334, 1042.6666666666667, 150.83333333333337, 1051.0] 
