inst_name = "MDMKP_n50_m6_q3_α0.25" 
n = 50 
m = 6 
q = 3 
A = [638 862 895 999 884 378 354 679 347 172 204 637 715 611 830 540 630 813 212 411 631 526 19 719 109 295 697 254 420 719 835 656 921 976 207 263 671 655 766 403 387 430 729 98 975 740 173 267 814 380; 808 524 627 350 841 67 730 721 251 322 642 294 123 568 311 468 798 994 941 12 584 337 888 291 591 735 598 127 866 570 837 192 901 479 471 269 876 241 868 964 288 770 286 805 987 942 377 115 633 554; 326 299 330 579 501 393 660 129 94 390 589 461 316 646 482 919 466 612 677 56 851 518 725 699 747 222 204 852 669 362 824 853 868 497 600 751 100 839 523 432 824 249 740 877 449 564 365 302 329 146; 426 807 387 368 907 724 619 294 377 652 683 815 797 782 287 266 67 420 179 749 782 413 786 80 573 470 83 25 947 17 335 78 993 855 415 634 567 317 12 803 720 487 843 769 565 98 53 974 531 148; 603 905 818 737 201 530 856 834 411 110 160 506 904 925 32 856 132 484 418 28 110 413 511 963 887 399 869 646 460 429 938 123 514 381 258 289 471 384 754 293 583 395 94 779 75 338 941 273 942 645; 732 596 472 577 945 111 512 83 933 834 224 537 446 331 680 266 416 80 629 889 706 585 16 857 887 294 400 258 362 17 279 176 363 419 128 39 861 561 556 620 797 935 883 543 62 554 457 207 250 442; 544 213 606 414 931 438 139 605 29 928 857 42 952 195 377 827 173 668 292 939 399 547 223 489 654 598 421 662 317 766 208 180 951 357 463 740 641 804 242 735 862 996 520 950 490 648 676 919 61 317; 648 700 599 518 700 905 117 733 480 809 33 892 229 215 65 474 49 102 212 797 592 779 385 247 829 846 200 543 560 1 6 845 906 870 380 343 751 419 871 702 391 229 755 36 377 410 775 326 69 77; 972 893 42 437 144 971 499 919 978 119 186 537 613 861 300 924 537 620 619 221 110 929 745 315 235 752 867 270 670 257 636 310 43 558 659 16 79 466 699 308 414 766 104 44 179 669 979 756 743 116]
b = [6886.5, 6958.5, 6476.5, 6244.75, 6401.75, 5951.75, 6751.25, 5949.25, 6271.5]
c = [442.6666666666667, 859.0, 874.8333333333333, 593.0, 461.8333333333333, 216.0, 575.5, 405.0, 238.83333333333334, 483.5, 322.16666666666663, 341.0, 630.6666666666666, 541.5, 497.8333333333333, 361.1666666666667, 746.1666666666667, 480.0, 491.66666666666663, 360.8333333333333, 606.6666666666666, 239.0, 754.8333333333333, 605.8333333333334, 590.5, 416.0, 546.6666666666667, 614.0, 592.3333333333333, 301.16666666666663, 1047.5, 213.33333333333331, 517.8333333333333, 793.1666666666666, 575.6666666666666, 470.5, 375.33333333333337, 337.5, 407.33333333333337, 744.5, 431.50000000000006, 687.0, 610.5, 873.0, 789.0, 666.0, 373.8333333333333, 102.33333333333331, 942.1666666666666, 715.3333333333333] 
c2 = [730.1666666666665, 132.33333333333331, 263.3333333333333, 138.33333333333331, 982.0, 1043.8333333333333, 204.33333333333331, 1014.8333333333333, 932.0, 653.3333333333333, 1032.6666666666667, 813.8333333333333, 253.33333333333331, 179.33333333333331, 587.3333333333333, 799.6666666666665, 234.33333333333331, 131.33333333333331, 560.3333333333333, 840.0, 392.3333333333333, 975.8333333333333, 180.33333333333331, 336.3333333333333, 436.3333333333333, 925.8333333333333, 354.3333333333333, 329.3333333333333, 521.3333333333333, 896.6666666666667, 102.33333333333331, 1029.5, 358.3333333333333, 224.33333333333331, 352.3333333333333, 836.3333333333333, 986.5, 834.3333333333333, 866.5, 347.3333333333333, 786.3333333333333, 449.3333333333333, 494.3333333333333, 120.33333333333331, 154.33333333333331, 229.33333333333331, 813.0, 1047.5, 113.33333333333331, 366.3333333333333] 
