vars = 40 ; constr = 2 
 # informations of B&B algorithm : 
total_times_used = 4.24 
total_nodes = 2636 
pruned_nodes = 1320 
GAP = 0.0 
relaxation_time = 3.42 
test_dominance_time = 0.0 
update_incumbent_time = 0.0 
tree_size = 7.263 
nb_nodes_EPB = 255 
nb_nodes_VB = 2380 
root_relax = false 
TO = false 


 # ----------- info about cuts : 
ite_total = 1648 
cuts_applied = 519 
sp_cuts = 327 
mp_cuts = 192 
cuts_total = 519 
times_calling_dicho = 3.42 
times_calling_separators = 0.09 
times_oper_cutPool = 0.01 
times_total_for_cuts = 3.55 
times_add_retrieve_cuts = 0.13 



size_Y_N = 8
Y_N = [[645628.0, 3.05754e6], [672308.0, 3.035631e6], [673803.0, 2.940474e6], [679246.0, 2.934782e6], [685653.0, 2.932285e6], [687283.0, 2.92381e6], [700182.0, 2.913197e6], [700798.0, 2.707806e6]]

size_X_E = 8
