vars = 90 ; constr = 14 
total_times_used = 274.7
size_Y_N = 20
Y_N = [[59.0, 342.0], [67.0, 340.0], [71.0, 336.0], [73.0, 327.0], [79.0, 322.0], [82.0, 318.0], [88.0, 316.0], [95.0, 281.0], [97.0, 280.0], [100.0, 269.0], [102.0, 266.0], [106.0, 263.0], [107.0, 176.0], [126.0, 171.0], [176.0, 106.0], [273.0, 99.0], [286.0, 68.0], [305.0, 55.0], [316.00000000000006, 54.00000000000002], [327.0, 44.0]]

size_X_E = 20
