vars = 30 ; constr = 8 
total_times_used = 97.67
size_Y_N = 8
Y_N = [[24.0, 119.0], [27.0, 113.0], [32.999999999999986, 110.99999999999997], [34.0, 72.0], [35.0, 71.0], [47.0, 47.0], [52.0, 46.0], [64.0, 22.0]]

size_X_E = 8
