vars = 80 ; constr = 17 
total_times_used = 10.84
size_Y_N = 34
Y_N = [[92.00000000000001, 455.00000000000006], [98.0, 393.0], [110.0, 324.0], [122.0, 323.0], [126.0, 310.0], [130.0, 297.0], [138.0, 268.0], [144.0, 265.0], [151.0, 249.0], [154.0, 236.0], [156.0, 228.0], [167.0, 212.0], [179.0, 194.0], [182.0, 193.0], [194.0, 170.0], [199.0, 167.0], [207.0, 150.0], [222.0, 140.0], [231.0, 138.0], [233.0, 129.0], [252.0, 115.0], [278.0, 103.0], [284.0, 100.0], [289.0, 92.0], [302.0, 89.0], [304.0, 82.0], [325.0, 81.0], [326.0, 79.0], [329.0, 74.0], [362.0, 70.0], [363.0, 68.0], [390.0, 63.0], [411.0, 61.0], [412.0, 57.0]]
