vars = 40 ; constr = 11 
total_times_used = 5.25
size_Y_N = 16
Y_N = [[57.0, 200.0], [59.0, 158.0], [62.0, 101.0], [65.0, 100.0], [69.0, 94.0], [83.0, 80.0], [86.0, 67.0], [124.0, 64.0], [126.0, 63.00000000000001], [134.0, 62.0], [141.99999999999997, 60.99999999999999], [143.9999999999973, 59.99999999999964], [172.0, 58.0], [174.0, 56.0], [175.0, 45.0], [193.0, 42.0]]

size_X_E = 16
