vars = 60 ; constr = 7 
total_times_used = 5.14
size_Y_N = 16
Y_N = [[52.0, 283.0], [55.999999999999986, 279.9999999999999], [58.0, 196.0], [63.0, 182.0], [66.0, 181.0], [71.0, 121.0], [72.0, 94.0], [77.0, 80.0], [90.0, 78.0], [100.0, 72.0], [103.0, 69.0], [105.0, 53.0], [107.0, 45.0], [110.0, 39.0], [119.0, 38.0], [122.0, 25.0]]

size_X_E = 16
