vars = 70 ; constr = 15 
total_times_used = 6.68
size_Y_N = 17
Y_N = [[41.0, 347.0], [43.0, 272.0], [49.0, 268.0], [59.0, 267.0], [60.0, 213.0], [66.0, 209.0], [76.99999999999609, 207.00000000002538], [87.0, 178.0], [88.0, 151.0], [99.0, 149.0], [109.0, 84.0], [158.0, 76.0], [168.0, 68.0], [174.0, 40.0], [183.0, 34.0], [200.0, 33.0], [229.0, 32.0]]

size_X_E = 17
