vars = 50 ; constr = 9 
total_times_used = 179.02
size_Y_N = 10
Y_N = [[40.0, 197.0], [42.0, 196.0], [46.0, 193.0], [52.0, 185.0], [60.0, 111.0], [79.00000000000001, 90.99999999999991], [85.0, 81.0], [114.0, 80.0], [116.0, 36.0], [167.0, 34.0]]

size_X_E = 10
