vars = 30 ; constr = 7 
total_times_used = 95.64
size_Y_N = 18
Y_N = [[44.0, 88.0], [51.0, 81.0], [53.0, 80.0], [55.0, 70.0], [59.0, 61.0], [66.0, 54.0], [68.0, 53.0], [70.0, 49.0], [72.0, 48.00000000000001], [77.0, 42.0], [79.0, 41.00000000000003], [81.0, 40.0], [84.0, 39.0], [86.0, 38.0], [88.0, 34.0], [89.0, 24.0], [96.0, 17.0], [98.0, 16.0]]

size_X_E = 18
