vars = 40 ; constr = 6 
total_times_used = 17.32
size_Y_N = 23
Y_N = [[15560.500000000002, 18912.500000000007], [15603.500000000002, 18886.500000000007], [15687.500000000002, 18839.500000000007], [15695.500000000002, 18820.500000000007], [15710.66666666667, 18812.500000000007], [15867.333333333336, 18808.500000000007], [16102.333333333336, 18795.500000000007], [16690.666666666668, 18746.33333333334], [16916.333333333332, 18720.33333333334], [17316.5, 18701.333333333343], [17333.666666666668, 18613.33333333334], [17446.5, 18512.33333333334], [17745.0, 18497.333333333343], [17841.333333333336, 18345.33333333334], [17902.0, 18043.33333333334], [18013.666666666668, 17499.66666666667], [18068.000000000004, 16913.66666666667], [18094.500000000004, 16671.000000000007], [18111.333333333332, 16646.500000000007], [18156.666666666668, 16461.000000000007], [18176.0, 16036.500000000007], [18302.500000000004, 15998.666666666673], [18458.0, 15710.000000000005]]

size_X_E = 23
