vars = 40 ; constr = 6 
total_times_used = 9.44
size_Y_N = 25
Y_N = [[14307.333333333334, 21336.66666666667], [14529.666666666668, 21260.66666666667], [14890.833333333334, 21221.66666666667], [14957.500000000002, 21107.66666666667], [15067.333333333332, 20871.666666666668], [15124.500000000002, 20806.666666666668], [15241.333333333334, 20716.666666666668], [15319.166666666666, 20707.666666666668], [15407.500000000004, 20456.666666666668], [15409.499999999996, 20336.666666666668], [15615.833333333336, 20307.666666666668], [15630.5, 20086.666666666668], [15837.000000000002, 19932.666666666664], [15906.666666666668, 19566.833333333336], [15940.833333333334, 19454.5], [15983.83333333333, 19411.666666666664], [15992.333333333334, 19360.333333333332], [16055.5, 19231.166666666668], [16133.333333333332, 19222.166666666664], [16248.333333333332, 19098.833333333332], [16254.333333333334, 18771.499999999996], [16428.333333333336, 18616.499999999996], [16474.333333333336, 18072.666666666664], [16648.333333333336, 17917.666666666664], [16799.833333333336, 16994.999999999996]]

