vars = 50 ; constr = 6 
total_times_used = 227.97
size_Y_N = 74
Y_N = [[14319.166666666664, 16896.5], [14437.666666666664, 16867.5], [14466.499999999998, 16861.5], [14577.666666666664, 16823.5], [14604.0, 16780.5], [14652.333333333334, 16768.5], [14770.166666666666, 16749.5], [14801.333333333332, 16683.5], [15540.333333333332, 16670.5], [15596.166666666666, 16606.5], [15617.333333333332, 16564.5], [15683.833333333332, 16557.5], [15697.666666666666, 16525.5], [15732.333333333332, 16424.5], [15763.499999999998, 16397.5], [15906.499999999998, 16395.5], [16185.0, 16371.5], [16193.833333333334, 16287.5], [16222.666666666668, 16281.5], [16242.999999999998, 16270.5], [16361.166666666666, 16210.5], [16381.833333333332, 16119.5], [16390.0, 16072.5], [16448.666666666664, 16047.5], [16508.833333333332, 16042.5], [16525.666666666668, 15975.5], [16677.0, 15891.5], [16698.666666666668, 15810.5], [16723.833333333332, 15688.5], [16726.333333333332, 15669.5], [16732.500000000004, 15659.5], [16736.833333333307, 15650.500000000031], [16848.000000000004, 15647.5], [16903.166666666668, 15563.5], [16968.833333333336, 15518.5], [17073.666666666668, 15404.5], [17106.166666666668, 15169.666666666666], [17160.833333333332, 15164.5], [17163.166666666668, 15091.666666666668], [17172.833333333336, 15073.666666666668], [17173.833333333336, 15020.666666666668], [17241.833333333336, 15010.666666666666], [17268.500000000004, 14982.666666666668], [17298.666666666668, 14915.666666666668], [17319.000000000004, 14871.666666666666], [17396.000000000004, 14830.833333333334], [17415.333333333336, 14704.666666666668], [17428.833333333336, 14676.666666666668], [17475.5, 14638.666666666668], [17492.833333333336, 14606.666666666668], [17500.000000000004, 14541.666666666668], [17670.500000000004, 14480.666666666668], [17700.66666666667, 14386.666666666668], [17703.000000000004, 14271.333333333334], [17731.333333333336, 14248.0], [17791.66666666667, 14219.666666666668], [17794.833333333336, 14159.666666666668], [17917.333333333336, 14034.666666666668], [18074.333333333336, 13907.666666666668], [18083.16666666667, 13636.833333333334], [18232.16666666667, 13308.333333333334], [18280.666666666668, 13123.833333333334], [18325.000000000004, 13113.333333333334], [18331.333333333336, 13018.833333333334], [18364.333333333336, 12379.333333333334], [18407.16666666667, 12320.5], [18411.66666666667, 12270.833333333332], [18435.833333333336, 11926.000000000002], [18653.000000000004, 11785.833333333334], [18677.16666666667, 11239.000000000002], [18706.666666666668, 11199.833333333334], [18826.000000000004, 10950.166666666666], [18858.333333333332, 10516.833333333334], [19032.333333333332, 10126.833333333334]]

size_X_E = 74
