vars = 50 ; constr = 6 
total_times_used = 37.16
size_Y_N = 46
Y_N = [[18929.833333333336, 15792.000000000002], [19296.500000000004, 15774.000000000002], [19545.000000000004, 15764.000000000002], [19553.5, 15728.000000000002], [19895.5, 15715.000000000002], [19961.333333333336, 15649.000000000002], [19997.166666666668, 15635.000000000002], [20080.333333333336, 15633.000000000002], [20249.333333333336, 15617.000000000002], [20264.333333333336, 15563.000000000002], [20482.333333333336, 15540.000000000002], [20486.0, 15463.000000000002], [20574.16666666667, 15434.000000000002], [20665.0, 15398.000000000002], [20671.166666666664, 15384.000000000002], [20744.500000000004, 15349.000000000002], [20848.5, 15274.000000000002], [20869.66666666667, 15178.000000000002], [20920.5, 15177.000000000002], [21050.333333333332, 15093.000000000002], [21129.500000000004, 14957.000000000002], [21137.166666666664, 14750.000000000002], [21154.166666666668, 14735.000000000002], [21169.0, 14733.000000000002], [21205.000000000004, 14712.000000000002], [21213.5, 14676.000000000002], [21271.333333333332, 14652.666666666668], [21299.499999999996, 14637.000000000002], [21362.333333333332, 14471.000000000002], [21521.833333333332, 14322.666666666668], [21625.0, 13868.000000000002], [21650.833333333336, 13720.333333333334], [21657.5, 13646.166666666668], [21663.999999999996, 13594.833333333336], [21693.5, 13593.166666666668], [21785.83333333333, 13573.166666666668], [21824.166666666664, 13433.166666666668], [21841.166666666664, 13359.166666666668], [21907.166666666668, 13311.166666666668], [21911.833333333332, 13089.833333333334], [21969.83333333333, 13058.500000000002], [22028.83333333333, 13024.833333333334], [22118.16666666666, 12753.666666666668], [22120.333333333332, 12587.000000000002], [22199.0, 12470.666666666668], [22223.166666666664, 11159.166666666668]]

size_X_E = 46
