vars = 30 ; constr = 6 
total_times_used = 6.2
size_Y_N = 10
Y_N = [[13485.333333333332, 12158.333333333334], [13594.833333333332, 12139.333333333334], [13701.833333333332, 11997.333333333334], [13833.833333333332, 11842.333333333334], [13904.666666666664, 11700.333333333334], [14035.999999999998, 11627.333333333334], [14258.999999999998, 11527.333333333334], [14317.499999999998, 11160.833333333334], [14536.333333333332, 10940.333333333334], [14580.666666666666, 9834.5]]

size_X_E = 10
