vars = 30 ; constr = 6 
total_times_used = 8.25
size_Y_N = 17
Y_N = [[5223.333333333333, 6724.166666666666], [5223.666666666667, 6722.166666666666], [5401.333333333334, 6442.166666666666], [5733.166666666666, 5853.666666666666], [5777.666666666667, 5307.833333333333], [5787.333333333334, 5298.166666666666], [5826.0, 5136.333333333333], [5844.5, 5000.333333333333], [5844.833333333333, 4998.333333333333], [5952.833333333333, 4984.333333333333], [6004.0, 4854.333333333333], [6004.5, 4840.166666666666], [6023.333333333333, 4744.333333333333], [6037.666666666667, 4612.333333333333], [6072.333333333334, 4607.666666666667], [6137.833333333333, 4274.666666666666], [6211.666666666668, 4220.666666666666]]

size_X_E = 17
