vars = 50 ; constr = 10 
total_times_used = 121.45
size_Y_N = 34
Y_N = [[18016.0, 25489.80000000001], [18201.399999999998, 25440.800000000007], [18373.399999999998, 25421.80000000001], [18497.5, 25290.80000000001], [18593.600000000002, 25169.800000000007], [18681.399999999998, 25106.800000000007], [18690.5, 25102.800000000007], [18841.5, 25075.80000000001], [18855.5, 24971.800000000007], [18994.2, 24908.800000000007], [19030.399999999998, 24757.800000000007], [19206.6, 24726.800000000007], [19270.3, 24561.800000000007], [19310.1, 24356.800000000007], [19326.1, 24289.800000000007], [19375.600000000002, 24281.800000000007], [19385.2, 24133.800000000007], [19394.2, 24124.300000000007], [19434.300000000003, 24098.800000000007], [19441.300000000003, 24080.800000000007], [19460.8, 24022.800000000007], [19465.2, 23969.800000000007], [19567.1, 23959.300000000007], [19603.600000000002, 23642.200000000008], [19657.899999999998, 23511.500000000007], [19713.100000000002, 23395.700000000008], [19791.4, 23259.800000000007], [19793.800000000003, 23157.900000000005], [19820.100000000002, 22911.700000000008], [19896.7, 22824.200000000008], [19945.5, 22809.90000000001], [19948.0, 22577.100000000006], [19974.7, 22528.500000000007], [20035.2, 21632.300000000007]]

size_X_E = 34
