vars = 50 ; constr = 10 
total_times_used = 99.44
size_Y_N = 20
Y_N = [[4429.700000000001, 10754.000000000004], [4580.5, 10749.800000000003], [4708.300000000001, 10638.000000000002], [4839.299999999999, 10550.000000000004], [5027.300000000001, 10546.000000000004], [5077.700000000001, 10246.800000000003], [5220.400000000001, 10139.300000000003], [5228.7, 10133.900000000003], [5522.7, 10009.100000000002], [5902.000000000001, 9976.300000000003], [6353.0, 9727.300000000001], [6383.6, 9462.500000000002], [6787.200000000002, 9334.3], [6966.299999999999, 8684.100000000002], [7376.6, 8018.7], [7394.6, 6918.7], [7398.500000000001, 6753.999999999999], [7459.0, 6629.499999999999], [7581.2, 6588.199999999999], [8011.4, 5837.499999999999]]

size_X_E = 20
