vars = 30 ; constr = 4 
total_times_used = 5.54
size_Y_N = 14
Y_N = [[8678.75, 9468.75], [8809.5, 9440.75], [8907.0, 9423.75], [9205.0, 9390.75], [9254.5, 9321.75], [9255.25, 9275.75], [9559.75, 9266.75], [9572.0, 9148.75], [9732.25, 9074.75], [9868.25, 9002.75], [9970.5, 8742.75], [10024.500000000106, 8310.000000000044], [10050.25, 8031.0], [10081.75, 7778.0]]

