vars = 50 ; constr = 10 
total_times_used = 137.42
size_Y_N = 43
Y_N = [[17364.6, 16930.0], [17367.6, 16912.0], [17566.699999999997, 16904.0], [17766.8, 16844.5], [17929.1, 16844.0], [18028.399999999994, 16761.0], [18199.699999999997, 16732.5], [18314.999999999996, 16727.5], [18540.899999999998, 16722.5], [18696.4, 16642.5], [18753.9, 16569.5], [18774.699999999997, 16450.5], [18933.299999999996, 16405.5], [18957.499999999996, 16221.5], [18974.1, 16198.5], [19056.199999999993, 16113.5], [19074.8, 16039.5], [19074.999999999996, 16022.0], [19083.7, 15972.0], [19133.8, 15958.5], [19168.600000000002, 15937.0], [19247.499999999996, 15926.0], [19302.999999999996, 15881.5], [19315.6, 15876.0], [19344.8, 15806.0], [19346.199999999997, 15740.5], [19347.299999999996, 15663.5], [19376.1, 15635.0], [19405.299999999996, 15613.0], [19405.8, 15582.5], [19545.0, 15579.0], [19597.2, 15521.0], [19663.6, 15312.0], [19756.3, 15260.0], [19760.8, 15083.0], [19766.999999999996, 15077.0], [19802.6, 15072.0], [19831.9, 15070.0], [19952.3, 15049.0], [20091.6, 14686.0], [20143.3, 13764.5], [20147.300000000003, 13678.5], [20270.8, 13588.5]]

size_X_E = 43
