vars = 50 ; constr = 6 
total_times_used = 35.32
size_Y_N = 33
Y_N = [[27667.166666666675, 23659.499999999996], [27778.83333333334, 23650.499999999996], [27906.166666666675, 23636.499999999996], [27908.00000000001, 23620.499999999996], [28169.833333333343, 23564.499999999996], [28437.166666666675, 23484.5], [28693.666666666675, 23425.499999999996], [28698.000000000007, 23341.499999999996], [28788.333333333343, 23296.5], [28813.66666666667, 23274.499999999996], [29378.500000000007, 23266.499999999996], [29599.833333333343, 22958.499999999996], [29625.666666666675, 22795.5], [29820.666666666675, 22792.5], [30013.33333333334, 22771.499999999996], [30139.83333333334, 22564.499999999996], [30140.000000000007, 22248.5], [30170.66666666667, 22227.5], [30187.66666666667, 22221.5], [30290.000000000004, 22194.5], [30295.000000000004, 22093.5], [30296.500000000007, 22068.5], [30320.16666666667, 22035.5], [30329.000000000004, 21943.5], [30457.000000000004, 21878.5], [30505.500000000004, 21783.5], [30538.000000000004, 21653.5], [30606.833333333336, 21640.5], [30675.000000000004, 21608.5], [30803.5, 21370.5], [30918.66666666667, 20811.166666666664], [30954.500000000007, 20805.166666666664], [31031.000000000004, 20545.166666666664]]

size_X_E = 33
