vars = 40 ; constr = 6 
total_times_used = 6.98
size_Y_N = 15
Y_N = [[21109.833333333332, 14924.833333333327], [21378.33333333333, 14794.833333333327], [21554.666666666668, 14663.833333333327], [21684.833333333332, 14280.16666666666], [21714.666666666664, 14060.16666666666], [21776.333333333336, 13968.16666666666], [21844.666666666664, 13821.16666666666], [21848.83333333333, 13755.16666666666], [21863.666666666664, 13711.16666666666], [21868.666666666664, 13701.16666666666], [21899.666666666664, 13699.16666666666], [21932.833333333332, 13603.16666666666], [21936.833333333332, 13498.16666666666], [22032.666666666664, 13480.66666666666], [22155.0, 13413.16666666666]]

