vars = 50 ; constr = 10 
total_times_used = 17.22
size_Y_N = 25
Y_N = [[8429.3, 10457.199999999999], [8445.199999999999, 10409.199999999999], [8466.9, 10399.199999999999], [8475.0, 10390.199999999999], [8503.499999999998, 10385.199999999999], [8583.5, 10379.199999999999], [8614.4, 10343.199999999999], [8620.099999999999, 10328.199999999999], [8667.8, 10316.199999999999], [8930.099999999999, 10306.199999999999], [9141.4, 10278.199999999999], [9223.6, 10236.0], [9546.0, 10114.0], [9553.3, 9850.199999999999], [9636.5, 9849.0], [9657.300000000001, 9542.199999999999], [9693.100000000002, 9365.199999999999], [9773.800000000001, 9304.2], [9816.900000000001, 9151.2], [9845.5, 9049.2], [9904.600000000002, 9037.2], [9911.0, 8948.2], [10041.199999999999, 8907.2], [10180.1, 8634.2], [10262.300000000001, 8122.200000000002]]

size_X_E = 25
