vars = 50 ; constr = 10 
total_times_used = 122.75
size_Y_N = 51
Y_N = [[14199.0, 17630.4], [14236.3, 17594.4], [14239.999999999998, 17542.4], [14290.4, 17493.4], [14612.9, 17441.4], [14638.3, 17436.4], [14913.5, 17372.4], [14946.7, 17234.4], [14957.300000000001, 17215.4], [15008.3, 17154.4], [15509.6, 17150.4], [15522.899999999998, 16942.4], [15587.6, 16767.8], [15633.699999999999, 16491.8], [15795.900000000001, 16407.8], [15815.900000000001, 16164.9], [15829.799999999997, 16118.8], [15858.0, 15997.8], [15872.599999999999, 15891.9], [15903.900000000001, 15889.9], [16008.699999999999, 15875.4], [16010.0, 15803.099999999999], [16040.4, 15690.9], [16050.999999999998, 15654.8], [16111.2, 15597.3], [16122.600000000002, 15397.3], [16128.1, 15387.8], [16172.800000000001, 15369.3], [16306.2, 15338.3], [16331.4, 15194.0], [16405.8, 15158.4], [16416.4, 14936.3], [16443.5, 14881.499999999998], [16535.0, 14817.4], [16603.899999999998, 14541.4], [16621.799999999996, 14520.4], [16637.1, 14168.9], [16645.199999999997, 14134.9], [16722.1, 14123.699999999999], [16844.099999999995, 13927.9], [16873.2, 13447.699999999999], [16953.4, 13419.699999999999], [16958.899999999998, 13362.9], [16968.199999999997, 13325.699999999999], [17014.4, 12965.0], [17031.699999999997, 12783.4], [17077.1, 12762.0], [17096.8, 12751.3], [17139.399999999998, 12748.7], [17159.299999999996, 12602.4], [17231.199999999997, 10877.6]]

size_X_E = 51
