vars = 50 ; constr = 6 
total_times_used = 51.13
size_Y_N = 76
Y_N = [[5055.833333333333, 13402.166666666666], [5173.499999999999, 13317.666666666666], [5236.999999999999, 13202.5], [5363.833333333332, 13176.500000000002], [5378.333333333332, 13048.5], [5464.833333333332, 13044.0], [5538.499999999999, 13032.166666666668], [5559.166666666665, 12903.166666666666], [5560.499999999999, 12880.000000000002], [5594.333333333333, 12833.666666666668], [5598.833333333333, 12815.0], [5618.499999999999, 12788.5], [5622.666666666665, 12788.000000000002], [5626.333333333332, 12713.666666666668], [5633.166666666666, 12704.499999999998], [5644.833333333333, 12699.666666666668], [5683.166666666666, 12693.333333333336], [5717.166666666665, 12690.833333333336], [5727.833333333332, 12683.833333333334], [5805.166666666666, 12601.333333333336], [5807.499999999998, 12550.166666666666], [5850.333333333333, 12538.833333333334], [5973.499999999999, 12492.000000000002], [5999.333333333333, 12448.666666666668], [6059.999999999999, 12425.000000000002], [6104.499999999999, 12268.666666666666], [6144.333333333333, 12191.500000000004], [6168.999999999999, 12150.333333333336], [6201.499999999999, 12101.500000000002], [6264.833333333332, 12025.333333333334], [6285.166666666665, 11954.833333333336], [6288.666666666665, 11934.333333333336], [6335.999999999999, 11915.5], [6412.166666666666, 11868.333333333336], [6644.333333333333, 11832.333333333334], [6842.999999999999, 11792.833333333334], [7021.499999999999, 11469.500000000002], [7045.333333333333, 10970.333333333334], [7085.666666666666, 10943.666666666668], [7098.0, 10763.833333333336], [7099.166666666666, 10761.666666666668], [7132.166666666666, 10741.500000000002], [7237.333333333333, 10686.666666666668], [7256.333333333333, 10546.333333333336], [7299.333333333333, 10392.000000000002], [7355.666666666666, 10321.833333333334], [7372.666666666666, 10247.166666666666], [7378.333333333333, 10240.166666666668], [7486.833333333333, 10231.333333333334], [7521.166666666666, 10167.333333333334], [7525.666666666667, 10072.833333333334], [7594.333333333334, 9967.333333333336], [7647.0, 9725.666666666666], [7670.500000000001, 9697.5], [7694.0, 9645.166666666668], [7707.333333333332, 9637.0], [7714.333333333333, 9575.666666666668], [7776.5, 9567.5], [7795.166666666666, 9504.166666666666], [7883.5, 9327.500000000002], [7950.0, 9185.499999999998], [7961.333333333333, 8992.666666666666], [8030.0, 8887.166666666668], [8184.166666666667, 8824.166666666666], [8308.833333333334, 8658.499999999998], [8347.0, 7408.499999999997], [8398.833333333334, 7236.499999999998], [8427.5, 7179.999999999998], [8432.666666666666, 7163.833333333331], [8433.666666666668, 7121.833333333332], [8564.5, 7054.999999999999], [8579.333333333334, 6891.499999999998], [8603.666666666668, 6629.499999999999], [8631.0, 6380.499999999998], [8699.833333333334, 6029.833333333332], [8731.000000000002, 4849.666666666668]]

size_X_E = 76
