vars = 40 ; constr = 6 
total_times_used = 61.31
size_Y_N = 74
Y_N = [[9929.0, 13926.499999999998], [10399.166666666668, 13854.33333333333], [10831.666666666666, 13775.333333333332], [10837.0, 13748.333333333332], [10849.0, 13737.333333333332], [10984.333333333334, 13723.333333333332], [10998.5, 13667.333333333332], [11119.5, 13561.333333333332], [11198.5, 13510.333333333332], [11270.0, 13436.333333333332], [11363.5, 13331.333333333332], [11510.0, 13308.333333333332], [11513.5, 13291.333333333332], [11535.166666666668, 13271.333333333332], [11780.333333333336, 13252.166666666664], [11795.666666666668, 12847.666666666664], [11805.5, 12731.333333333332], [11826.5, 12718.166666666664], [11888.0, 12699.333333333334], [11898.666666666666, 12639.166666666666], [11960.5, 12617.666666666666], [11983.666666666668, 12469.166666666664], [12079.666666666668, 12459.666666666664], [12086.833333333334, 12404.666666666666], [12123.0, 12356.666666666668], [12125.833333333334, 12235.666666666666], [12142.833333333334, 12230.666666666664], [12155.166666666668, 12148.166666666666], [12175.666666666668, 12122.666666666666], [12193.166666666668, 12122.333333333334], [12193.833333333334, 12097.666666666666], [12217.166666666668, 12095.166666666666], [12224.833333333334, 12089.666666666664], [12228.833333333334, 12087.666666666666], [12242.500000000002, 12027.666666666664], [12323.833333333336, 12026.666666666666], [12362.333333333334, 11868.666666666666], [12462.333333333334, 11812.499999999998], [12466.333333333332, 11721.999999999998], [12468.5, 11678.999999999998], [12475.499999999998, 11630.499999999998], [12526.0, 11609.999999999998], [12530.666666666666, 11516.499999999998], [12572.833333333334, 11490.0], [12575.333333333332, 11447.833333333332], [12589.0, 11439.999999999998], [12600.333333333336, 11424.999999999998], [12631.166666666668, 11358.5], [12640.5, 11317.5], [12672.833333333334, 11307.666666666668], [12691.5, 11264.499999999998], [12752.0, 11261.33333333333], [12759.5, 11236.0], [12855.500000000002, 11076.0], [12904.0, 11001.0], [12925.666666666666, 10841.666666666668], [12989.833333333332, 10768.833333333332], [12994.666666666668, 10666.333333333332], [13048.333333333332, 10582.833333333334], [13050.833333333334, 10358.499999999998], [13097.5, 10335.833333333334], [13157.833333333334, 10230.0], [13208.833333333332, 10105.833333333334], [13219.5, 9892.833333333334], [13245.5, 9815.166666666668], [13252.0, 9723.833333333334], [13407.333333333334, 9539.333333333336], [13438.833333333332, 8713.000000000002], [13444.833333333334, 8644.333333333334], [13462.833333333332, 8539.0], [13464.833333333334, 8532.166666666666], [13489.666666666668, 8441.999999999998], [13572.833333333332, 8207.999999999998], [13606.166666666666, 7962.999999999997]]

size_X_E = 74
