vars = 50 ; constr = 10 
total_times_used = 25.57
size_Y_N = 27
Y_N = [[26849.2, 22960.399999999983], [26938.1, 22909.399999999983], [27152.8, 22882.399999999983], [27243.8, 22866.399999999983], [27320.5, 22825.399999999983], [27418.299999999996, 22824.399999999983], [27469.199999999997, 22806.399999999983], [27723.999999999996, 22781.399999999987], [27733.6, 22625.399999999983], [27829.3, 22614.399999999983], [27951.6, 22613.399999999983], [28049.799999999996, 22518.399999999983], [28059.299999999996, 22492.399999999983], [28136.099999999995, 22491.399999999987], [28183.399999999994, 22476.399999999987], [28335.599999999995, 22314.399999999983], [28399.399999999994, 22274.399999999987], [28428.199999999997, 22132.399999999987], [28457.999999999996, 22101.399999999987], [28644.599999999995, 21991.399999999987], [28681.999999999996, 21684.399999999987], [28750.999999999996, 21641.399999999987], [28966.999999999996, 21626.399999999983], [29041.199999999997, 20997.399999999987], [29134.799999999996, 20951.399999999987], [29307.199999999993, 20613.399999999987], [29403.699999999993, 20539.399999999987]]

size_X_E = 27
