vars = 30 ; constr = 6 
total_times_used = 4.49
size_Y_N = 7
Y_N = [[15469.333333333334, 15818.0], [15686.833333333334, 15693.0], [15688.333333333336, 15624.0], [15863.166666666666, 15608.0], [15941.666666666668, 15451.0], [16032.833333333332, 15293.0], [16070.333333333334, 13835.0]]

