vars = 50 ; constr = 6 
total_times_used = 21.32
size_Y_N = 57
Y_N = [[23847.33333333333, 19867.5], [23958.833333333332, 19803.5], [23994.999999999996, 19753.5], [24054.999999999996, 19729.5], [24118.666666666664, 19725.5], [24242.666666666664, 19713.500000000004], [24286.833333333332, 19706.5], [24336.999999999996, 19704.5], [24451.499999999996, 19697.5], [24517.499999999996, 19630.5], [24607.333333333332, 19603.5], [24620.0, 19583.500000000004], [24720.33333333333, 19580.500000000004], [24745.999999999996, 19525.500000000004], [24797.833333333332, 19515.5], [24977.333333333332, 19501.500000000004], [24986.999999999996, 19461.500000000004], [25101.0, 19427.5], [25101.666666666664, 19388.5], [25162.166666666664, 19367.500000000004], [25221.499999999996, 19328.500000000004], [25256.833333333332, 19318.500000000004], [25261.166666666664, 19282.500000000004], [25311.666666666664, 19266.500000000004], [25443.666666666664, 19255.500000000004], [25448.499999999996, 19192.500000000004], [25451.499999999996, 19191.500000000004], [25463.666666666664, 19184.500000000004], [25532.166666666664, 19169.500000000004], [25542.66666666666, 19146.500000000004], [25665.16666666666, 19138.500000000004], [25691.16666666666, 19066.500000000004], [25692.999999999996, 19063.500000000004], [25916.16666666666, 19044.500000000004], [25976.16666666666, 19020.500000000004], [26029.999999999993, 18942.500000000007], [26088.166666666657, 18793.500000000007], [26157.33333333333, 18788.500000000004], [26158.666666666657, 18735.500000000007], [26192.83333333333, 18701.500000000004], [26211.999999999996, 18558.500000000004], [26324.33333333333, 18528.500000000007], [26357.499999999993, 18335.500000000004], [26478.66666666666, 18220.500000000004], [26493.999999999993, 17820.16666666667], [26529.833333333325, 17700.16666666667], [26639.999999999993, 17693.16666666667], [26642.833333333325, 17677.16666666667], [26659.49999999999, 17639.16666666667], [26714.16666666666, 17464.16666666667], [26715.499999999996, 17392.500000000007], [26719.33333333333, 17303.16666666667], [26914.16666666666, 17299.16666666667], [26943.999999999993, 16745.00000000001], [26960.333333333325, 16696.50000000001], [26997.166666666657, 16684.00000000001], [27064.16666666666, 15513.666666666677]]

size_X_E = 57
