vars = 50 ; constr = 2 
total_times_used = 14.51
size_Y_N = 45
Y_N = [[21038.0, 28788.0], [21638.50000000019, 28584.0000000001], [21817.5, 28241.0], [22128.5, 28138.0], [22142.5, 27809.0], [22153.0, 27803.0], [22187.5, 27784.0], [22247.0, 27609.5], [22275.0, 27581.0], [22353.0, 27480.0], [22407.0, 27462.0], [22481.5, 27352.0], [22510.0, 27267.0], [22520.5, 27261.0], [22740.0, 27227.0], [22805.0, 26963.0], [22950.0, 26913.0], [22970.5, 26659.5], [22984.5, 26635.0], [23040.5, 26602.0], [23190.0, 26541.0], [23200.5, 26535.0], [23249.0, 26322.5], [23324.0, 26121.5], [23380.0, 26088.5], [23392.0, 25944.5], [23402.5, 25938.5], [23550.0, 25746.5], [23775.5, 25660.5], [23911.0, 24751.5], [24025.5, 24709.5], [24209.5, 24159.0], [24268.5, 23805.0], [24288.5, 23639.5], [24368.5, 23467.5], [24434.0, 23293.5], [24459.5, 22942.5], [24495.5, 22712.5], [24618.5, 22516.5], [24675.5, 22271.5], [24689.0, 21575.0], [24722.0, 21502.5], [24744.5, 21378.0], [24879.0, 21334.5], [25048.5, 20825.0]]

size_X_E = 45
