vars = 30 ; constr = 6 
total_times_used = 7.33
size_Y_N = 19
Y_N = [[15212.666666666666, 15016.833333333332], [15226.000000000002, 14903.833333333332], [15317.666666666668, 14886.833333333332], [15481.500000000002, 14880.833333333332], [15647.000000000002, 14812.833333333332], [15882.666666666668, 14758.833333333332], [15937.833333333334, 14294.833333333332], [15986.166666666668, 14242.833333333332], [15987.666666666668, 14162.833333333332], [16010.666666666668, 13913.833333333332], [16065.833333333334, 13763.5], [16128.5, 13578.333333333332], [16129.000000000004, 13468.333333333332], [16245.500000000002, 13374.333333333332], [16313.500000000002, 13204.0], [16346.0, 12983.0], [16368.666666666668, 12940.333333333332], [16517.333333333336, 12862.0], [16625.833333333336, 12793.0]]

