vars = 50 ; constr = 10 
total_times_used = 126.62
size_Y_N = 48
Y_N = [[14407.699999999999, 21714.6], [15289.8, 21701.699999999997], [15319.499999999998, 21663.699999999997], [15420.5, 21646.7], [15452.700000000003, 21634.699999999997], [15565.300000000001, 21618.699999999997], [15821.099999999999, 21552.699999999997], [15867.5, 21487.7], [15950.8, 21432.699999999997], [15973.799999999997, 21401.7], [16027.8, 21313.7], [16035.8, 21301.7], [16050.6, 21300.699999999997], [16069.199999999997, 21238.699999999997], [16075.9, 21232.699999999997], [16269.499999999998, 21216.7], [16417.6, 21182.8], [16521.899999999998, 21010.7], [16712.599999999995, 20991.8], [16865.599999999995, 20934.8], [16985.099999999995, 20706.8], [16993.499999999996, 20519.000000000004], [17001.299999999996, 20413.000000000004], [17018.699999999997, 20219.900000000005], [17022.399999999994, 20096.100000000002], [17152.299999999996, 20096.000000000004], [17214.1, 20016.100000000006], [17251.499999999996, 19814.000000000004], [17371.399999999994, 19774.800000000003], [17390.099999999995, 19626.300000000007], [17436.099999999995, 19434.900000000005], [17460.599999999995, 19414.800000000003], [17555.999999999996, 19390.100000000006], [17606.099999999995, 19290.100000000002], [17624.0, 19113.90000000001], [17635.799999999996, 18984.100000000002], [17707.899999999998, 18898.300000000003], [17730.799999999996, 18795.700000000004], [17758.799999999996, 18786.900000000005], [17829.1, 18776.800000000003], [17865.7, 18721.500000000007], [17948.399999999998, 18580.300000000007], [17982.3, 18391.100000000006], [18032.399999999998, 18080.800000000007], [18054.399999999998, 17972.300000000007], [18218.6, 17960.300000000007], [18369.799999999996, 17303.800000000007], [18508.099999999995, 15999.900000000005]]

size_X_E = 48
