vars = 50 ; constr = 2 
total_times_used = 17.13
size_Y_N = 70
Y_N = [[24620.500000001353, 27244.99999999993], [25151.999999999207, 27138.000000000095], [25241.5, 27135.0], [25242.5, 27112.0], [25477.5, 27100.0], [25751.0, 27083.0], [25891.0, 27037.0], [26010.5, 27004.0], [26086.5, 26926.0], [26097.5, 26917.0], [26118.5, 26881.0], [26141.5, 26872.0], [26167.0, 26865.0], [26178.5, 26857.0], [26558.5, 26854.0], [26659.5, 26843.0], [26692.5, 26829.0], [26739.5, 26718.0], [26794.5, 26664.0], [26901.0, 26642.0], [27015.5, 26546.0], [27047.0, 26397.0], [27124.5, 26387.0], [27179.0, 26349.0], [27180.0, 26326.0], [27211.5, 26300.0], [27234.0, 26295.0], [27320.0, 26280.0], [27349.5, 26174.0], [27355.0, 26094.0], [27436.5, 26087.0], [27474.0, 25970.0], [27593.5, 25937.0], [27673.5, 25772.0], [27781.5, 25649.0], [27805.5, 25351.0], [27875.0, 25244.0], [27947.0, 25106.5], [27968.0, 25070.5], [27984.5, 24989.5], [28034.5, 24939.5], [28042.5, 24817.0], [28132.5, 24785.5], [28217.0, 24736.0], [28286.5, 24684.0], [28328.0, 24476.0], [28447.5, 24443.0], [28498.5, 24301.0], [28533.0, 24160.5], [28584.0, 24018.5], [28757.0, 23591.5], [28793.5, 23400.5], [28868.0, 23389.5], [28913.0, 23367.5], [28998.5, 23085.0], [29065.5, 22005.0], [29076.0, 21971.0], [29135.0, 21953.0], [29214.5, 21781.0], [29296.0, 21712.0], [29338.5, 21577.0], [29347.0, 21570.0], [29489.5, 20988.0], [29580.0, 20868.5], [29600.0, 19431.0], [29605.0, 19328.5], [29694.5, 19325.5], [29758.5, 19254.5], [29838.5, 18466.5], [30024.5, 18302.5]]

size_X_E = 70
