vars = 50 ; constr = 4 
total_times_used = 194.77
size_Y_N = 136
Y_N = [[12274.75, 28851.75], [12301.5, 28755.75], [12423.0, 28677.75], [12432.0, 28650.75], [12447.0, 28591.75], [12652.5, 28543.75], [12715.5, 28530.75], [12753.5, 28431.75], [12800.0, 28280.75], [12842.75, 28255.75], [12884.0, 28220.0], [12971.5, 28166.75], [13034.5, 28153.75], [13066.0, 27965.75], [13066.5, 27937.75], [13145.75, 27926.25], [13324.75, 27899.0], [13459.5, 27787.0], [13482.0, 27626.0], [13529.75, 27623.75], [13616.75, 27514.0], [13634.75, 27379.0], [13640.0, 27321.5], [13973.5, 27302.0], [14041.5, 26933.0], [14144.75, 26894.0], [14204.5, 26752.0], [14210.0, 26576.25], [14236.0, 26574.75], [14293.0, 26505.75], [14361.75, 26479.0], [14419.75, 26376.5], [14498.75, 26293.75], [14528.5, 26213.75], [14532.0, 26161.75], [14545.0, 26089.25], [14650.75, 26031.25], [14661.75, 25896.75], [14662.75, 25860.0], [14668.75, 25859.25], [14724.75, 25859.0], [14756.5, 25857.75], [14791.75, 25715.25], [14810.0, 25696.75], [14863.75, 25692.5], [14906.25, 25593.0], [14927.25, 25457.25], [14959.0, 25451.0], [15056.75, 25415.0], [15063.5, 25320.0], [15105.999999997253, 25220.249999997955], [15208.75, 25105.75], [15234.0, 24979.5], [15259.25, 24879.5], [15354.0, 24804.75], [15356.75, 24735.75], [15364.75, 24621.25], [15377.0, 24594.75], [15404.75, 24588.5], [15485.75, 24544.0], [15510.5, 24391.75], [15592.0, 24270.0], [15653.0, 24195.0], [15687.5, 24049.75], [15713.5, 23909.25], [15767.5, 23830.25], [15770.75, 23795.75], [15886.75, 23733.0], [15893.75, 23556.0], [15916.5, 23534.5], [15947.0, 23511.0], [16026.5, 23486.0], [16109.75, 23326.75], [16115.5, 22992.0], [16164.0, 22843.0], [16205.25, 22791.5], [16242.5, 22661.0], [16291.0, 22518.75], [16337.25, 22486.5], [16379.5, 22431.75], [16462.5, 22199.25], [16533.5, 21938.75], [16554.0, 21684.75], [16594.25, 21635.0], [16622.0, 21560.0], [16631.0, 21508.75], [16670.0, 21467.25], [16691.75, 21459.5], [16782.0, 21328.75], [16827.5, 21208.5], [16830.75, 21158.75], [16840.0, 21139.75], [16876.5, 20964.75], [16890.25, 20867.5], [16894.25, 20843.25], [16921.0, 20825.0], [16954.5, 20811.0], [16955.0, 20734.25], [16964.25, 20685.5], [17003.75, 20673.0], [17068.25, 20592.5], [17152.0, 20473.0], [17163.25, 20174.5], [17175.75, 20133.25], [17226.5, 20114.5], [17290.25, 20098.75], [17319.25, 19851.75], [17348.75, 19851.0], [17388.25, 19838.5], [17403.25, 19293.0], [17477.5, 19289.5], [17486.75, 19137.75], [17492.0, 18884.0], [17545.25, 18769.75], [17546.5, 18638.25], [17647.5, 18600.25], [17654.75, 18499.75], [17711.5, 18227.0], [17749.25, 18071.75], [17788.25, 18040.25], [17807.75, 17982.25], [17904.75, 17753.25], [17912.0, 17630.75], [17918.0, 17428.5], [18011.0, 17348.0], [18025.0, 16832.25], [18028.5, 16784.25], [18088.5, 16578.25], [18100.0, 16532.75], [18144.5, 15915.25], [18146.75, 15864.5], [18149.25, 15726.0], [18217.5, 15684.75], [18228.25, 15464.5], [18250.5, 15046.75], [18276.0, 14170.0]]

size_X_E = 136
