vars = 50 ; constr = 6 
total_times_used = 195.36
size_Y_N = 92
Y_N = [[10016.5, 24553.166666666664], [10121.5, 24318.166666666664], [10137.0, 24304.16666666666], [10288.333333333332, 24266.166666666664], [10413.666666666666, 24247.33333333333], [10415.333333333332, 24173.166666666664], [10415.666666666668, 24116.166666666664], [10444.0, 24088.333333333332], [10539.333333333332, 24049.166666666664], [10642.5, 24018.166666666664], [10668.0, 23908.16666666666], [10806.333333333332, 23857.166666666664], [10824.833333333332, 23822.33333333333], [11146.333333333332, 23820.999999999996], [11334.333333333332, 23741.833333333332], [11413.666666666666, 23178.166666666664], [11429.166666666666, 23164.166666666664], [11647.0, 23132.999999999996], [11655.166666666666, 22809.166666666664], [11883.0, 22804.999999999996], [12009.499999999998, 22530.333333333332], [12094.999999999998, 22359.833333333332], [12291.5, 22305.999999999996], [12294.166666666666, 21959.833333333332], [12353.333333333334, 21943.333333333332], [12730.499999999998, 21759.166666666664], [12840.166666666666, 21369.166666666664], [12855.666666666666, 21138.166666666664], [12861.0, 20961.999999999996], [12878.666666666666, 20951.166666666664], [12977.166666666666, 20935.166666666664], [13055.833333333332, 20733.0], [13061.5, 20643.833333333332], [13146.166666666666, 20543.666666666664], [13164.333333333332, 20458.83333333333], [13213.166666666664, 20443.333333333332], [13227.5, 20197.999999999996], [13271.333333333332, 20176.999999999996], [13275.166666666666, 20158.166666666664], [13329.499999999998, 20066.333333333332], [13426.333333333334, 19995.833333333332], [13462.166666666666, 19903.666666666664], [13477.666666666664, 19889.666666666664], [13538.0, 19850.833333333332], [13541.333333333332, 19433.166666666668], [13544.499999999998, 19422.833333333332], [13593.166666666666, 19421.833333333332], [13632.666666666664, 19413.333333333332], [13636.166666666666, 19398.666666666668], [13671.666666666666, 19336.833333333332], [13707.5, 19326.833333333332], [13743.666666666668, 19272.499999999996], [13770.166666666666, 19238.666666666668], [13868.333333333332, 19209.5], [13896.999999999998, 18691.166666666664], [13986.5, 18636.5], [14040.0, 18532.5], [14081.999999999998, 18524.0], [14110.5, 18353.166666666668], [14153.0, 17957.833333333332], [14205.333333333332, 17853.166666666668], [14205.666666666666, 17793.500000000004], [14226.333333333334, 17791.5], [14249.166666666664, 17674.833333333336], [14255.333333333334, 17637.0], [14323.499999999998, 17552.833333333336], [14332.333333333334, 17466.16666666667], [14340.333333333332, 17458.333333333336], [14354.166666666666, 17448.333333333336], [14390.999999999998, 17354.0], [14408.666666666666, 17240.333333333336], [14425.499999999998, 17003.16666666667], [14441.5, 16993.166666666668], [14455.499999999998, 16989.500000000004], [14581.166666666666, 16927.333333333336], [14586.166666666668, 16805.166666666668], [14600.666666666666, 16756.500000000004], [14609.833333333332, 16649.500000000004], [14678.166666666668, 16580.0], [14716.166666666664, 16321.333333333338], [14716.5, 16278.166666666668], [14748.666666666668, 16220.500000000004], [14780.166666666668, 16172.833333333336], [14788.833333333332, 16120.833333333336], [14828.5, 16015.000000000002], [14839.0, 15972.166666666668], [14890.166666666666, 15843.333333333338], [14890.666666666666, 15569.500000000004], [14926.500000000002, 15490.500000000004], [14937.5, 15226.833333333336], [15222.666666666668, 15148.16666666667], [15304.000000000002, 13810.333333333336]]

size_X_E = 92
