vars = 50 ; constr = 10 
total_times_used = 93.95
size_Y_N = 66
Y_N = [[9283.100000000002, 15671.500000000004], [9864.000000000002, 15655.600000000004], [9902.500000000002, 15652.600000000004], [10127.1, 15646.600000000004], [10169.900000000003, 15613.600000000002], [10181.300000000001, 15578.600000000004], [10204.6, 15515.600000000004], [10291.300000000001, 15507.600000000004], [10417.700000000003, 15486.600000000004], [10713.6, 15470.700000000004], [10717.6, 15301.600000000002], [10839.699999999999, 15292.600000000002], [10978.2, 15210.200000000003], [11270.4, 15200.200000000003], [11308.600000000002, 15033.200000000003], [11353.499999999998, 15016.200000000003], [11545.8, 14965.200000000003], [11557.500000000002, 14911.200000000003], [11665.700000000003, 14816.200000000003], [11676.8, 14776.200000000004], [11743.6, 14681.200000000003], [11848.999999999998, 14644.200000000004], [11942.800000000001, 14483.200000000003], [11949.500000000002, 14406.200000000003], [12030.1, 14358.200000000003], [12156.800000000001, 14163.500000000004], [12166.0, 14028.300000000003], [12220.499999999998, 14024.700000000004], [12281.0, 14011.800000000003], [12438.300000000001, 13973.700000000003], [12455.000000000002, 13659.200000000003], [12549.7, 13648.000000000004], [12560.3, 13547.400000000003], [12564.100000000002, 13500.000000000002], [12597.900000000001, 13464.400000000003], [12662.8, 13461.100000000004], [12733.300000000001, 13435.800000000003], [12828.400000000001, 13355.100000000004], [12962.3, 13168.200000000003], [12985.500000000002, 12941.100000000004], [12995.800000000001, 12838.800000000003], [12997.4, 12822.800000000003], [13022.600000000002, 12766.000000000004], [13113.100000000002, 12759.500000000004], [13171.600000000002, 12488.900000000003], [13253.2, 12321.200000000004], [13281.700000000003, 12283.100000000004], [13393.100000000002, 12251.800000000003], [13553.500000000002, 11731.100000000004], [13579.400000000005, 11328.700000000004], [13623.300000000001, 11307.000000000004], [13673.000000000004, 11208.000000000004], [13709.300000000003, 11054.700000000004], [13729.300000000001, 10918.300000000003], [13822.100000000004, 10866.500000000004], [13928.200000000004, 10490.700000000003], [13951.700000000004, 10422.600000000004], [13989.900000000001, 9903.400000000003], [14033.800000000003, 9779.600000000002], [14038.800000000005, 9597.100000000002], [14091.000000000002, 9522.000000000002], [14093.200000000004, 9228.300000000003], [14098.800000000003, 9035.700000000003], [14103.500000000004, 9020.200000000003], [14129.800000000005, 7865.900000000003], [14139.000000000002, 7813.900000000003]]

size_X_E = 66
