vars = 30 ; constr = 6 
total_times_used = 4.68
size_Y_N = 9
Y_N = [[3062.6666666666674, 8591.0], [3974.500000000001, 8523.166666666668], [4155.666666666668, 8498.0], [4227.333333333335, 8182.166666666667], [4276.000000000001, 8070.500000000002], [4442.833333333334, 7774.833333333334], [4524.333333333334, 7641.666666666668], [4539.333333333334, 7350.333333333334], [4594.833333333334, 6076.833333333333]]

