vars = 40 ; constr = 6 
total_times_used = 10.61
size_Y_N = 31
Y_N = [[5875.5, 9394.999999999998], [6148.5, 9316.999999999998], [6162.5, 9226.999999999998], [6433.666666666667, 9215.999999999998], [6454.166666666667, 9069.999999999998], [6519.833333333334, 9068.999999999998], [6573.5, 8925.999999999998], [6664.666666666667, 8892.999999999998], [6693.166666666667, 8832.999999999998], [6718.333333333334, 8749.999999999998], [6746.833333333334, 8689.999999999998], [6838.000000000001, 8656.999999999998], [6903.666666666667, 8655.999999999998], [6907.166666666667, 8538.999999999998], [6926.833333333333, 8522.999999999998], [7052.000000000001, 8481.999999999998], [7085.666666666666, 8293.999999999998], [7272.166666666667, 8217.999999999998], [7377.833333333333, 8101.999999999998], [7399.5, 7604.833333333332], [7489.833333333334, 7551.833333333332], [7504.500000000001, 7488.833333333332], [7534.166666666666, 7369.833333333332], [7538.166666666666, 7321.833333333332], [7568.666666666667, 7311.833333333332], [7587.833333333334, 7204.166666666666], [7620.500000000001, 6296.166666666666], [7651.500000000001, 6109.166666666666], [7664.666666666666, 5963.166666666666], [7712.499999999999, 5694.0], [7848.5, 5257.0]]

size_X_E = 31
