vars = 40 ; constr = 6 
total_times_used = 46.18
size_Y_N = 55
Y_N = [[7574.833333333331, 18528.499999999996], [8157.833333333332, 18400.999999999996], [8221.166666666664, 18218.16666666666], [8380.833333333332, 18086.83333333333], [8411.166666666664, 18046.83333333333], [8588.166666666664, 18037.499999999996], [8782.166666666666, 17896.999999999996], [8802.333333333332, 17738.999999999996], [8879.999999999998, 17602.999999999996], [8910.33333333333, 17562.999999999996], [8934.833333333332, 17532.999999999996], [8966.333333333332, 17489.666666666664], [8996.999999999998, 17475.999999999996], [9027.5, 17426.999999999993], [9094.5, 17401.666666666664], [9124.833333333332, 17361.666666666664], [9212.333333333332, 17348.999999999996], [9220.333333333332, 17338.666666666664], [9320.166666666664, 17325.666666666664], [9424.166666666664, 17147.666666666664], [9441.499999999998, 16857.333333333332], [9474.833333333332, 16846.666666666664], [9717.166666666666, 16775.666666666664], [9794.5, 16644.166666666668], [9823.833333333332, 16399.333333333332], [9834.5, 16377.333333333334], [9873.166666666666, 16364.333333333334], [9921.333333333334, 16336.333333333334], [9938.5, 16199.333333333334], [9953.333333333332, 16153.833333333334], [9989.166666666666, 16088.666666666668], [10024.999999999998, 16060.5], [10105.166666666666, 16058.000000000002], [10168.666666666666, 15996.0], [10222.666666666666, 15959.5], [10284.666666666666, 15838.166666666666], [10312.166666666666, 15753.666666666666], [10377.0, 15729.833333333334], [10625.5, 15420.666666666668], [10693.166666666666, 15163.666666666666], [10813.666666666666, 14890.500000000002], [10917.666666666668, 14712.500000000002], [10936.333333333334, 14616.833333333334], [10963.833333333334, 14532.333333333332], [10983.5, 14290.000000000002], [11040.0, 14289.0], [11119.999999999998, 14199.000000000002], [11153.833333333332, 13813.166666666668], [11226.666666666666, 13743.166666666668], [11280.0, 13707.000000000002], [11330.666666666668, 13565.166666666668], [11393.500000000002, 13345.333333333334], [11421.666666666668, 12510.0], [11543.833333333334, 12445.66666666667], [11787.000000000002, 11898.833333333334]]

size_X_E = 55
