vars = 50 ; constr = 6 
total_times_used = 35.73
size_Y_N = 44
Y_N = [[6999.5, 10389.166666666668], [7039.833333333333, 10333.166666666668], [7126.0, 10294.166666666668], [7248.333333333333, 10238.166666666668], [7261.5, 10228.166666666668], [7288.333333333333, 10221.166666666668], [7410.666666666667, 10165.166666666668], [7414.666666666667, 10037.166666666668], [8184.166666666666, 10036.666666666668], [8208.333333333332, 9878.666666666668], [8222.833333333334, 9870.666666666668], [8264.666666666666, 9855.666666666668], [8288.666666666666, 9813.666666666668], [8388.333333333334, 9701.666666666668], [8665.0, 9505.666666666668], [8740.833333333334, 9350.333333333334], [8749.666666666666, 8988.166666666668], [8759.5, 8982.166666666668], [8807.5, 8954.166666666668], [8822.833333333334, 8920.166666666668], [8897.499999999998, 8916.166666666668], [8901.666666666666, 8774.166666666668], [8917.0, 8633.833333333334], [8988.166666666666, 8624.166666666668], [8997.333333333332, 8610.5], [9068.999999999998, 8516.5], [9076.499999999998, 8472.833333333334], [9084.166666666666, 8408.833333333334], [9098.333333333332, 8390.833333333334], [9140.999999999998, 8351.833333333334], [9148.166666666666, 8069.166666666667], [9237.833333333334, 8019.0], [9246.833333333334, 7992.0], [9283.666666666666, 7122.333333333334], [9350.333333333332, 7078.0], [9350.666666666664, 6909.166666666667], [9398.166666666666, 6862.166666666667], [9407.0, 6840.0], [9409.333333333334, 6804.0], [9430.499999999998, 6736.166666666667], [9461.5, 6723.166666666667], [9570.833333333332, 6549.166666666667], [9574.333333333334, 6414.166666666667], [9615.5, 6283.333333333334]]

size_X_E = 44
