vars = 40 ; constr = 6 
total_times_used = 29.7
size_Y_N = 47
Y_N = [[2627.6666666666665, 9081.333333333334], [2756.333333333333, 9066.666666666668], [2784.4999999999995, 9056.500000000002], [2928.0, 9049.0], [2995.6666666666665, 8995.333333333332], [3090.5, 8956.5], [3219.1666666666665, 8941.833333333334], [3237.5, 8918.5], [3279.6666666666665, 8790.333333333334], [3287.333333333333, 8699.666666666666], [3315.8333333333335, 8640.166666666668], [3342.6666666666665, 8616.333333333332], [3597.166666666667, 8519.833333333334], [3722.1666666666665, 8403.0], [3815.0000000000005, 8252.333333333334], [3855.3333333333335, 8161.0], [3886.5000000000005, 8039.833333333334], [3972.5, 8011.833333333333], [4012.8333333333335, 7894.5], [4056.5, 7885.833333333333], [4070.5, 7766.833333333333], [4073.3333333333335, 7743.5], [4099.166666666667, 7667.166666666667], [4170.5, 7638.333333333333], [4193.5, 7533.5], [4234.5, 7521.833333333333], [4258.0, 7436.666666666666], [4283.833333333333, 7396.666666666667], [4367.333333333334, 7284.833333333333], [4371.833333333333, 7118.333333333334], [4395.833333333334, 7089.166666666667], [4416.5, 7084.499999999999], [4467.666666666666, 7014.5], [4494.833333333334, 6927.5], [4567.166666666667, 6898.833333333333], [4673.833333333334, 6808.0], [4843.333333333333, 6471.666666666667], [4877.5, 6354.833333333334], [4922.666666666667, 6265.333333333333], [4929.833333333333, 5858.5], [4960.666666666667, 5709.833333333334], [5055.333333333332, 5681.333333333334], [5089.666666666666, 5413.5], [5104.833333333334, 5397.666666666667], [5203.5, 5297.5], [5275.500000000001, 4347.5], [5315.666666666667, 3515.166666666667]]

