vars = 40 ; constr = 6 
total_times_used = 22.22
size_Y_N = 38
Y_N = [[11428.83333333333, 14771.999999999993], [11693.83333333333, 14747.999999999995], [11735.499999999998, 14699.999999999995], [11812.166666666666, 14698.66666666666], [12481.999999999998, 14683.66666666666], [12488.83333333333, 14673.66666666666], [12527.333333333332, 14631.66666666666], [12570.166666666664, 14590.66666666666], [12641.833333333332, 14507.66666666666], [12666.499999999998, 14450.66666666666], [12836.833333333332, 14377.66666666666], [12861.666666666664, 14289.66666666666], [13116.0, 14270.333333333327], [13173.333333333332, 14184.333333333327], [13190.666666666666, 14180.333333333327], [13400.666666666664, 14075.66666666666], [13628.833333333332, 14054.333333333327], [13691.5, 13758.333333333327], [13748.333333333332, 13740.333333333328], [13958.666666666666, 13598.333333333328], [14002.5, 13310.66666666666], [14150.666666666664, 13296.66666666666], [14254.833333333334, 12995.999999999996], [14357.166666666666, 12979.999999999995], [14435.5, 12532.666666666662], [14478.5, 12465.666666666662], [14483.499999999996, 12377.833333333328], [14486.666666666666, 12363.33333333333], [14584.999999999998, 12290.33333333333], [14722.999999999998, 12284.33333333333], [14732.333333333334, 11922.33333333333], [14739.333333333332, 11828.333333333332], [14790.500000000002, 11796.33333333333], [14813.166666666666, 11662.333333333332], [14819.499999999998, 11396.499999999998], [14889.666666666666, 11327.499999999998], [15028.333333333332, 11117.499999999998], [15029.0, 9970.333333333332]]

size_X_E = 38
