vars = 50 ; constr = 10 
total_times_used = 176.75
size_Y_N = 43
Y_N = [[3961.3, 11913.200000000003], [4043.0, 11810.500000000002], [4154.7, 11752.000000000002], [4207.900000000001, 11696.3], [4254.0, 11689.6], [4256.8, 11636.199999999999], [4291.599999999999, 11630.0], [4739.5, 11613.4], [4758.8, 11582.700000000003], [4791.099999999999, 11569.600000000002], [5110.0, 11523.6], [5180.299999999999, 11325.300000000001], [5201.7, 11286.199999999999], [5381.4, 11115.6], [5543.3, 10826.1], [5642.9, 10611.400000000001], [5695.200000000001, 10380.6], [5725.299999999999, 10369.000000000002], [5752.0999999999985, 10322.700000000003], [5768.900000000001, 10196.900000000001], [5822.8, 10195.100000000002], [5904.5, 10177.300000000003], [5910.7, 10176.300000000001], [5947.799999999999, 10005.400000000001], [5965.999999999999, 9902.100000000002], [6003.2, 9826.900000000001], [6030.499999999999, 9724.0], [6128.200000000001, 9622.8], [6129.0, 9316.8], [6166.000000000001, 9247.8], [6223.099999999999, 9200.900000000001], [6398.599999999999, 9165.900000000001], [6531.400000000001, 8939.1], [6604.8, 8760.6], [6685.599999999998, 8367.699999999999], [6706.1, 7791.999999999999], [6799.2, 7647.799999999999], [6836.9, 7338.499999999999], [6854.4, 7260.199999999999], [6938.399999999999, 6972.6], [6994.9, 6622.699999999999], [7050.0999999999985, 6603.5999999999985], [7062.299999999998, 6362.999999999998]]

size_X_E = 43
