vars = 30 ; constr = 6 
total_times_used = 19.52
size_Y_N = 43
Y_N = [[8613.0, 11760.499999999998], [8917.000000000002, 11614.499999999998], [8921.333333333334, 11515.499999999998], [8990.166666666668, 11486.499999999998], [9055.833333333334, 11431.499999999998], [9155.333333333334, 11413.499999999996], [9234.000000000002, 11399.499999999998], [9253.0, 11382.499999999998], [9299.500000000002, 11317.499999999996], [9461.333333333334, 11259.499999999996], [9591.000000000002, 11146.499999999998], [9628.166666666668, 11110.499999999998], [9895.666666666668, 11036.499999999996], [9897.000000000002, 10764.499999999998], [9928.000000000002, 10763.499999999998], [9942.666666666668, 10745.833333333332], [10183.666666666668, 10619.833333333332], [10230.666666666666, 10278.999999999998], [10334.0, 10033.833333333332], [10334.500000000002, 9693.166666666664], [10375.500000000002, 9674.833333333332], [10414.500000000002, 9576.166666666664], [10475.333333333336, 9402.83333333333], [10548.666666666668, 9393.666666666664], [10592.166666666668, 9348.166666666666], [10606.0, 9297.166666666664], [10628.000000000002, 9110.333333333332], [10653.666666666668, 9061.666666666666], [10686.666666666668, 9057.166666666664], [10689.000000000002, 8921.666666666664], [10705.000000000002, 8917.5], [10724.0, 8900.5], [10727.833333333336, 8842.666666666666], [10802.166666666668, 8788.5], [10811.500000000002, 8743.0], [10834.333333333334, 8668.166666666666], [10994.666666666668, 8511.166666666666], [10999.833333333334, 8101.666666666669], [11134.166666666666, 7866.000000000002], [11223.333333333334, 7180.500000000002], [11231.666666666668, 6913.000000000001], [11332.000000000002, 6765.833333333335], [11518.333333333336, 6542.833333333335]]

size_X_E = 43
