vars = 50 ; constr = 6 
total_times_used = 45.38
size_Y_N = 41
Y_N = [[5855.499999999999, 15258.833333333336], [5946.333333333333, 15180.000000000002], [5976.333333333332, 14824.000000000002], [6003.166666666666, 14633.833333333334], [6032.833333333333, 14594.5], [6329.666666666665, 14584.666666666666], [6343.666666666666, 14390.333333333334], [6395.833333333332, 14320.666666666668], [6421.333333333332, 14266.500000000002], [6461.999999999999, 14217.0], [6642.0, 14097.999999999998], [6658.333333333333, 13997.166666666666], [6660.166666666667, 13634.666666666666], [6761.833333333333, 13599.0], [6867.499999999999, 13549.166666666668], [6887.333333333332, 13485.500000000002], [6906.333333333333, 13379.333333333334], [7022.499999999999, 13361.666666666668], [7130.999999999999, 13041.0], [7200.666666666666, 12601.333333333332], [7397.166666666666, 12573.5], [7466.333333333332, 12496.333333333334], [7476.833333333332, 12284.333333333334], [7499.499999999999, 12170.166666666668], [7581.666666666666, 11956.5], [7628.666666666666, 11643.999999999998], [7760.166666666665, 11559.0], [7891.333333333333, 11515.666666666666], [7970.999999999999, 10695.333333333334], [8005.333333333332, 10650.333333333332], [8049.666666666667, 10578.333333333332], [8100.499999999999, 10554.333333333332], [8132.666666666667, 8829.833333333332], [8300.166666666666, 8756.5], [8320.166666666666, 8166.833333333333], [8386.0, 8094.666666666666], [8417.166666666668, 8012.999999999999], [8433.666666666668, 7899.499999999999], [8457.0, 7842.999999999999], [8464.833333333332, 7812.999999999999], [8601.5, 7385.499999999999]]

size_X_E = 41
