vars = 50 ; constr = 6 
total_times_used = 40.61
size_Y_N = 33
Y_N = [[17248.0, 15358.66666666667], [17706.833333333336, 15277.66666666667], [17810.66666666538, 15232.666666665966], [17845.66666666667, 15144.66666666667], [18132.000000000004, 15098.66666666667], [18264.000000000004, 15010.66666666667], [18345.500000000004, 14951.66666666667], [18475.000000000004, 14881.66666666667], [18529.333333333332, 14835.66666666667], [18534.333333333336, 14792.66666666667], [18666.666666666668, 14784.66666666667], [18772.500000000004, 14724.66666666667], [18893.166666666668, 14598.66666666667], [18911.5, 14562.66666666667], [18955.333333333336, 14422.66666666667], [19003.166666666664, 14332.66666666667], [19027.500000000004, 14273.66666666667], [19050.16666666667, 14263.66666666667], [19161.166666666668, 14236.66666666667], [19176.000000000004, 14140.66666666667], [19177.0, 14093.666666666672], [19185.000000000004, 14080.66666666667], [19191.833333333336, 14071.66666666667], [19326.66666666667, 14061.66666666667], [19387.5, 14055.66666666667], [19442.333333333332, 13902.66666666667], [19443.166666666668, 13659.66666666667], [19650.333333333332, 13629.66666666667], [19758.166666666664, 13411.666666666668], [19758.333333333332, 13142.66666666667], [19852.5, 13083.66666666667], [19902.833333333332, 12366.333333333336], [20117.0, 12334.666666666668]]

size_X_E = 33
