vars = 30 ; constr = 1 
total_times_used = 5.2
size_Y_N = 19
Y_N = [[11437.0, 12000.0], [11559.0, 11728.0], [11846.0, 11593.0], [12051.0, 11561.0], [12125.0, 11559.0], [12663.0, 11468.0], [12738.0, 11284.0], [13094.0, 11110.0], [13169.0, 10926.0], [13216.0, 10838.0], [13503.0, 10703.0], [13578.0, 10519.0], [13738.0, 10314.0], [13860.0, 10042.0], [13895.0, 9604.0], [13963.0, 9575.0], [14054.000000000018, 9341.999999999956], [14071.0, 9314.0], [14176.0, 9070.0]]
