vars = 40 ; constr = 1 
total_times_used = 10.85
size_Y_N = 68
Y_N = [[11049.0, 14137.0], [11088.0, 14060.0], [11271.0, 14016.0], [11344.0, 13943.0], [11375.0, 13919.0], [11440.0, 13913.0], [11666.0, 13861.0], [11705.000000000118, 13784.000000000025], [11942.0, 13731.0], [12015.0, 13658.0], [12033.0, 13638.0], [12236.0, 13631.0], [12262.0, 13535.0], [12343.0, 13512.0], [12389.0, 13463.0], [12485.0, 13433.0], [12531.0, 13396.0], [12558.0, 13360.0], [12592.0, 13314.0], [12598.0, 13304.0], [12654.0, 13284.0], [12694.0, 13274.0], [12943.0, 13230.0], [12968.0, 13117.0], [12971.0, 13095.0], [13096.0, 13062.0], [13192.0, 13032.0], [13265.0, 12959.0], [13332.0, 12868.0], [13416.0, 12866.0], [13571.0, 12813.0], [13610.0, 12693.0], [13724.0, 12645.0], [13765.0, 12640.0], [13820.0, 12615.0], [13869.0, 12543.0], [13893.0, 12542.0], [13918.0, 12472.0], [14014.0, 12442.0], [14087.0, 12369.0], [14146.0, 12362.0], [14238.0, 12276.0], [14334.0, 12246.0], [14369.0, 12214.0], [14370.0, 12137.0], [14386.0, 12094.0], [14482.0, 12064.0], [14555.0, 11991.0], [14571.0, 11952.0], [14591.0, 11882.0], [14622.0, 11858.0], [14630.0, 11805.0], [14664.0, 11784.0], [14765.0, 11779.0], [14813.0, 11525.0], [14862.0, 11454.0], [14870.0, 11401.0], [15031.0, 11392.0], [15066.0, 11111.0], [15074.0, 11058.0], [15101.0, 11004.0], [15130.0, 10938.0], [15150.0, 10933.0], [15203.0, 10865.0], [15323.0, 10649.0], [15333.0, 10344.0], [15422.0, 10195.0], [15552.0, 9674.0]]
