vars = 30 ; constr = 1 
total_times_used = 4.62
size_Y_N = 16
Y_N = [[10206.0, 13562.0], [10402.0, 13491.0], [10445.0, 13285.0], [10923.0, 13265.0], [10932.0, 13141.0], [10967.0, 13072.0], [11077.0, 12854.0], [11113.000000000002, 12478.999999999976], [11120.0, 12375.0], [11121.0, 12309.0], [11153.0, 12087.0], [11156.0, 12000.0], [11164.0, 11830.0], [11189.0, 11712.0], [11210.0, 11653.0], [11218.0, 11483.0]]
