vars = 20 ; constr = 4 
 # informations of B&B algorithm : 
total_times_used = 12.55 
total_nodes = 519 
pruned_nodes = 253 
GAP = 0.0 
relaxation_time = 12.48 
test_dominance_time = 0.0 
update_incumbent_time = 0.01 
tree_size = 1.241 
nb_nodes_EPB = 0 
nb_nodes_VB = 518 
root_relax = true 
TO = false 
rootLBS = 18 
LBSexhaustive = false 
 位_strategy = 0 
 位_min = 1 
 位_max = 30 
位_acc = 3.7880539499036607 
total_time_cplex = 12.11922025680542 
total_time_fusion = 0.0315706729888916 


size_Y_N = 13
Y_N = [[4086.0, 5479.25], [4305.0, 5358.25], [4345.25, 5287.25], [4426.75, 5286.25], [4545.75, 5159.25], [4623.75, 5059.25], [4674.0, 4871.25], [4861.75, 4865.25], [4933.5, 4598.0], [5023.5, 3686.5], [5123.5, 3406.75], [5172.5, 3158.75], [5280.75, 3030.75]]

