vars = 100 ; constr = 5 
total_times_used = 302.94
size_Y_N = 83
Y_N = [[41870.0, 37977.0], [41908.0, 37855.0], [41951.0, 37830.0], [41970.0, 37800.0], [41981.0, 37792.0], [42011.0, 37774.0], [42017.0, 37687.0], [42071.0, 37684.0], [42076.0, 37659.0], [42110.0, 37652.0], [42130.0, 37603.0], [42138.0, 37602.0], [42186.0, 37581.0], [42198.0, 37566.0], [42228.0, 37560.0], [42302.0, 37430.0], [42304.0, 37368.0], [42323.0, 37365.0], [42395.0, 37340.0], [42439.0, 37304.0], [42444.0, 37199.0], [42463.0, 37190.0], [42514.0, 37147.0], [42556.0, 37135.0], [42567.0, 37110.0], [42575.0, 37004.0], [42673.0, 37002.0], [42696.0, 36848.0], [42778.999999961045, 36837.999999984466], [42793.0, 36639.0], [42910.0, 36620.0], [43059.0, 36402.0], [43120.0, 36166.0], [43127.0, 35995.0], [43199.0, 35946.0], [43228.0, 35867.0], [43340.0, 35778.0], [43346.0, 35437.0], [43374.0, 35401.0], [43396.0, 35259.0], [43414.0, 35192.0], [43426.0, 35164.0], [43427.0, 35102.0], [43497.0, 35086.0], [43504.0, 34989.0], [43522.0, 34927.0], [43647.0, 34888.0], [43670.0, 34530.0], [43728.0, 34412.0], [43805.0, 34377.0], [43833.0, 33994.0], [43890.0, 33836.0], [43906.0, 33553.0], [43910.0, 33484.0], [43925.0, 33482.0], [43938.0, 33425.0], [43995.0, 33345.0], [44022.0, 33203.0], [44029.0, 32781.0], [44070.0, 32715.0], [44093.0, 32300.0], [44125.0, 32269.0], [44175.0, 32111.0], [44176.0, 31933.0], [44185.0, 31864.0], [44222.0, 31803.0], [44281.0, 31680.0], [44300.0, 31392.0], [44319.0, 31273.0], [44329.0, 30950.0], [44338.0, 30765.0], [44341.0, 30630.0], [44352.0, 30557.0], [44355.0, 30386.0], [44358.0, 30224.0], [44362.0, 30074.0], [44373.0, 30038.0], [44397.0, 30025.0], [44417.0, 29861.0], [44420.0, 29604.0], [44529.0, 29521.0], [44540.0, 27331.0], [44554.0, 26499.0]]

size_X_E = 83
