vars = 100 ; constr = 5 
total_times_used = 197.25
size_Y_N = 79
Y_N = [[57756.0, 53271.0], [57864.0, 53268.0], [58042.0, 53206.0], [58110.0, 53178.0], [58261.0, 53176.0], [58456.0, 53151.0], [58753.0, 53149.0], [58847.0, 53094.0], [59052.0, 53063.0], [59060.0, 52970.0], [59158.0, 52965.0], [59159.0, 52925.0], [59228.0, 52909.0], [59332.0, 52889.0], [59476.0, 52843.0], [59508.0, 52773.0], [59569.0, 52734.0], [59580.0, 52723.0], [59596.0, 52715.0], [59613.0, 52708.0], [59666.0, 52701.0], [59671.0, 52681.0], [59701.0, 52637.0], [59716.0, 52632.0], [59720.0, 52629.0], [59722.0, 52615.0], [59724.0, 52607.0], [59775.0, 52587.0], [59777.0, 52583.0], [59864.0, 52570.0], [59953.0, 52540.0], [59966.0, 52498.0], [60009.0, 52477.0], [60012.0, 52438.0], [60031.0, 52426.0], [60064.0, 52423.0], [60103.0, 52410.0], [60190.0, 52392.0], [60234.0, 52357.0], [60280.0, 52297.0], [60284.0, 52256.0], [60403.0, 52253.0], [60430.0, 52182.0], [60449.0, 52141.0], [60519.0, 52114.0], [60520.0, 52090.0], [60598.0, 52076.0], [60742.0, 51974.0], [60791.0, 51792.0], [60839.0, 51783.0], [60873.0, 51733.0], [60954.0, 51654.0], [61005.0, 51575.0], [61006.0, 51476.0], [61061.0, 51450.0], [61142.0, 51374.0], [61195.0, 51290.0], [61278.0, 51107.0], [61323.0, 50941.0], [61349.0, 50772.0], [61388.0, 50739.0], [61432.0, 50553.0], [61524.0, 50479.0], [61548.0, 50264.0], [61555.0, 50231.0], [61575.999999988046, 50226.9999999823], [61626.0, 50198.0], [61641.0, 50077.0], [61680.0, 50056.0], [61716.0, 49874.0], [61751.0, 49657.0], [61865.0, 49590.0], [61889.0, 48868.0], [61926.0, 48866.0], [61963.0, 48599.0], [61977.0, 48001.0], [61983.0, 47890.0], [62008.0, 47756.0], [62081.0, 47490.0]]

size_X_E = 79
