vars = 100 ; constr = 5 
total_times_used = 1225.47
size_Y_N = 133
Y_N = [[36923.0, 36084.0], [37264.0, 36041.0], [37648.0, 35979.0], [37855.0, 35885.0], [37986.0, 35835.0], [38043.0, 35776.0], [38088.0, 35732.0], [38118.0, 35717.0], [38178.0, 35706.0], [38183.0, 35687.0], [38187.0, 35666.0], [38277.0, 35634.0], [38289.0, 35625.0], [38372.0, 35622.0], [38392.0, 35595.0], [38473.0, 35579.0], [38607.0, 35524.0], [38646.0, 35508.0], [38655.0, 35408.0], [38666.0, 35382.0], [38687.0, 35376.0], [38793.0, 35363.0], [38807.0, 35314.0], [38885.0, 35301.0], [38937.0, 35218.0], [38965.0, 35187.0], [39091.0, 35185.0], [39129.0, 35145.0], [39153.0, 35062.0], [39217.0, 35061.0], [39288.9999999711, 34964.99999995262], [39301.0, 34927.0], [39309.0, 34922.0], [39378.0, 34887.0], [39386.0, 34780.0], [39439.0, 34749.0], [39490.0, 34714.0], [39497.0, 34710.0], [39547.0, 34697.0], [39561.0, 34588.0], [39586.0, 34549.0], [39600.0, 34527.0], [39613.0, 34496.0], [39672.0, 34495.0], [39704.0, 34419.0], [39812.0, 34400.0], [39814.0, 34225.0], [39839.0, 34177.0], [39862.0, 34154.0], [39893.0, 34102.0], [39908.0, 34079.0], [39924.0, 34050.0], [39938.0, 34028.0], [39957.0, 33983.0], [39981.0, 33976.0], [40043.0, 33966.0], [40060.0, 33912.0], [40143.0, 33829.0], [40213.0, 33668.0], [40244.0, 33483.0], [40267.0, 33446.0], [40326.0, 33445.0], [40349.0, 33420.0], [40355.0, 33390.0], [40379.0, 33324.0], [40391.0, 33280.0], [40393.0, 33199.0], [40417.0, 33194.0], [40427.0, 33165.0], [40438.0, 33098.0], [40456.0, 33091.0], [40483.0, 33052.0], [40507.0, 33033.0], [40512.0, 33008.0], [40551.0, 32954.0], [40586.0, 32910.0], [40602.0, 32777.0], [40659.0, 32772.0], [40684.0, 32749.0], [40715.0, 32725.0], [40723.0, 32523.0], [40771.0, 32472.0], [40780.0, 32364.0], [40803.0, 32266.0], [40805.0, 32262.0], [40913.0, 32167.0], [40957.0, 31878.0], [40983.0, 31782.0], [40984.0, 31642.0], [40993.0, 31637.0], [41044.0, 31605.0], [41062.0, 31539.0], [41083.0, 31475.0], [41120.0, 31365.0], [41131.0, 31263.0], [41216.0, 31205.0], [41218.0, 31034.0], [41255.0, 31019.0], [41258.0, 30797.0], [41300.99999999898, 30742.99999999498], [41311.0, 30716.0], [41380.0, 30649.0], [41386.0, 30326.0], [41433.0, 30260.0], [41439.0, 30165.0], [41488.0, 30137.0], [41521.0, 29888.0], [41531.0, 29698.0], [41538.0, 29684.0], [41581.0, 29601.0], [41662.0, 29487.0], [41663.0, 29111.0], [41698.0, 28953.0], [41701.0, 28942.0], [41710.0, 28799.0], [41719.0, 28767.0], [41760.0, 28717.0], [41786.0, 28542.0], [41792.0, 28362.0], [41810.0, 28250.0], [41870.0, 28212.0], [41899.0, 28054.0], [41901.0, 27863.0], [41936.0, 27762.0], [41938.0, 27391.0], [41940.0, 27338.0], [41972.0, 27313.0], [42000.0, 27186.0], [42052.0, 27041.0], [42073.0, 26644.0], [42075.0, 26344.0], [42198.0, 26100.0], [42218.0, 25085.0]]

size_X_E = 133
