vars = 100 ; constr = 5 
total_times_used = 1578.45
size_Y_N = 177
Y_N = [[35954.0, 35913.0], [36114.0, 35912.0], [36464.0, 35878.0], [36679.0, 35868.0], [36742.0, 35828.0], [36763.0, 35794.0], [36915.0, 35783.0], [36952.0, 35779.0], [37034.0, 35777.0], [37139.0, 35750.0], [37236.0, 35741.0], [37284.0, 35687.0], [37286.0, 35679.0], [37486.0, 35653.0], [37665.0, 35596.0], [37685.0, 35559.0], [37742.0, 35520.0], [37789.0, 35489.0], [37816.0, 35485.0], [37995.0, 35463.0], [38100.0, 35449.0], [38190.0, 35419.0], [38212.0, 35319.0], [38229.0, 35293.0], [38242.0, 35284.0], [38294.0, 35283.0], [38299.0, 35272.0], [38492.0, 35255.0], [38586.000000000386, 35248.99999999997], [38607.0, 35184.0], [38628.0, 35150.0], [38634.99999999436, 35088.99999999687], [38667.0, 35077.0], [38679.0, 35076.0], [38816.0, 35050.0], [38824.0, 35020.0], [38837.0, 35016.0], [38846.0, 34947.0], [38867.0, 34913.0], [38923.0, 34887.0], [38935.0, 34883.0], [39041.0, 34867.0], [39053.0, 34812.0], [39062.0, 34804.0], [39067.0, 34784.0], [39075.0, 34783.0], [39212.0, 34778.0], [39219.99999999197, 34678.99999999605], [39250.0, 34658.0], [39379.0, 34642.0], [39427.0, 34569.0], [39444.0, 34450.0], [39451.0, 34445.0], [39476.0, 34431.0], [39522.0, 34412.0], [39591.0, 34369.0], [39671.0, 34355.0], [39675.0, 34250.0], [39777.0, 34206.0], [39784.0, 34110.0], [39882.0, 34017.0], [39890.0, 34009.0], [39905.0, 33984.0], [39919.0, 33868.0], [39956.0, 33850.0], [39965.0, 33787.0], [39974.0, 33781.0], [40010.0, 33743.0], [40077.0, 33680.0], [40092.0, 33613.0], [40148.0, 33599.0], [40172.0, 33593.0], [40186.0, 33457.0], [40209.0, 33453.0], [40230.0, 33419.0], [40260.0, 33386.0], [40293.0, 33334.0], [40329.0, 33277.0], [40357.0, 33207.0], [40406.0, 33202.0], [40426.0, 33109.0], [40514.0, 33102.0], [40580.0, 32974.0], [40602.0, 32913.0], [40686.0, 32808.0], [40731.0, 32744.0], [40740.0, 32582.0], [40745.0, 32576.0], [40820.0, 32484.0], [40834.0, 32445.0], [40919.0, 32406.0], [40934.0, 32075.0], [40959.0, 32052.0], [41049.0, 32020.0], [41065.0, 31979.0], [41087.0, 31655.0], [41160.0, 31568.0], [41168.0, 31567.0], [41180.0, 31478.0], [41186.0, 31398.0], [41200.0, 31329.0], [41203.0, 31323.0], [41223.0, 31320.0], [41226.0, 31235.0], [41231.0, 31229.0], [41265.0, 31226.0], [41287.0, 31187.0], [41315.0, 31163.0], [41317.0, 31057.0], [41391.0, 31013.0], [41395.0, 30809.0], [41414.0, 30699.0], [41421.0, 30629.0], [41440.0, 30550.0], [41450.0, 30510.0], [41471.0, 30450.0], [41481.0, 30421.0], [41495.0, 30379.0], [41533.0, 30364.0], [41619.0, 30295.0], [41629.0, 29839.0], [41632.0, 29836.0], [41642.0, 29697.0], [41664.0, 29654.0], [41665.0, 29609.0], [41672.0, 29569.0], [41714.0, 29556.0], [41720.0, 29401.0], [41750.0, 29400.0], [41756.0, 29266.0], [41762.0, 29200.0], [41763.0, 29158.0], [41775.0, 29096.0], [41808.0, 29017.0], [41831.0, 28973.0], [41862.0, 28846.0], [41933.0, 28633.0], [41946.0, 28333.0], [41959.0, 28250.0], [41966.0, 28031.0], [41984.0, 28014.0], [42007.0, 27985.0], [42016.0, 27918.0], [42033.0, 27851.0], [42084.0, 27615.0], [42104.0, 27486.0], [42111.0, 27352.0], [42112.0, 27337.0], [42123.0, 27158.0], [42137.0, 27050.0], [42145.0, 26864.0], [42159.0, 26778.0], [42171.0, 26777.0], [42174.0, 26615.0], [42177.0, 26600.0], [42227.0, 26597.0], [42233.0, 26336.0], [42247.0, 26303.0], [42260.0, 26285.0], [42275.0, 26163.0], [42292.0, 25989.0], [42332.0, 25926.0], [42356.0, 25724.0], [42357.0, 25534.0], [42378.0, 25500.0], [42388.0, 25329.0], [42391.0, 25223.0], [42426.0, 24979.0], [42438.0, 24799.0], [42457.0, 24639.0], [42464.0, 23663.0], [42465.0, 23539.0], [42468.0, 23391.0], [42470.0, 23380.0], [42471.0, 23229.0], [42536.0, 22104.0], [42545.0, 21621.0]]

size_X_E = 177
