vars = 100 ; constr = 5 
total_times_used = 2097.88
size_Y_N = 171
Y_N = [[38565.0, 36663.0], [38759.0, 36616.0], [38778.0, 36605.0], [38875.0, 36591.0], [38908.0, 36584.0], [39126.0, 36578.0], [39241.0, 36570.0], [39411.0, 36555.0], [39607.0, 36542.0], [40098.0, 36525.0], [40154.0, 36427.0], [40216.0, 36414.0], [40254.0, 36357.0], [40285.0, 36339.0], [40355.0, 36329.0], [40427.0, 36318.0], [40454.0, 36281.0], [40504.0, 36280.0], [40588.0, 36277.0], [40614.0, 36232.0], [40670.0, 36223.0], [40733.0, 36210.0], [40735.0, 36189.0], [40763.0, 36180.0], [40943.0, 36174.0], [40974.0, 36045.0], [40975.0, 35981.0], [41014.0, 35963.0], [41067.0, 35923.0], [41230.0, 35919.0], [41281.0, 35821.0], [41354.0, 35776.0], [41416.0, 35734.0], [41421.0, 35689.0], [41463.0, 35685.0], [41477.0, 35600.0], [41498.0, 35554.0], [41506.0, 35527.0], [41514.0, 35511.0], [41617.0, 35507.0], [41626.0, 35486.0], [41628.0, 35451.0], [41630.0, 35411.0], [41647.0, 35393.0], [41652.0, 35392.0], [41748.0, 35371.0], [41783.0, 35311.0], [41835.0, 35258.0], [41861.0, 35244.0], [41867.0, 35193.0], [41927.0, 35153.0], [41929.0, 35126.0], [41970.0, 35096.0], [42007.0, 35046.0], [42041.0, 34944.0], [42109.0, 34914.0], [42126.0, 34846.0], [42133.0, 34840.0], [42187.0, 34809.0], [42188.0, 34755.0], [42281.0, 34691.0], [42286.0, 34569.0], [42292.0, 34542.0], [42323.0, 34520.0], [42330.0, 34512.0], [42353.0, 34490.0], [42368.0, 34446.0], [42405.0, 34440.0], [42462.0, 34334.0], [42465.0, 34302.0], [42468.0, 34287.0], [42533.0, 34231.0], [42572.0, 34212.0], [42601.0, 34011.0], [42625.0, 33964.0], [42664.0, 33901.0], [42691.0, 33849.0], [42719.0, 33763.0], [42735.0, 33672.0], [42752.0, 33610.0], [42775.0, 33554.0], [42861.0, 33553.0], [42872.0, 33419.0], [42895.0, 33359.0], [42908.0, 33349.0], [42939.0, 33331.0], [42959.0, 33260.0], [42975.0, 33240.0], [43006.0, 33103.0], [43047.0, 32992.0], [43050.0, 32881.0], [43063.0, 32859.0], [43093.0, 32840.0], [43151.0, 32784.0], [43177.0, 32774.0], [43186.0, 32641.0], [43200.0, 32600.0], [43273.0, 32471.0], [43283.0, 32314.0], [43315.0, 32296.0], [43317.0, 32263.0], [43341.0, 32104.0], [43364.0, 32094.0], [43432.0, 32060.0], [43463.0, 31853.0], [43512.0, 31812.0], [43528.0, 31653.0], [43535.0, 31565.0], [43599.0, 31564.0], [43646.0, 31480.0], [43715.0, 31276.0], [43740.0, 31170.0], [43816.0, 31035.0], [43818.99999987864, 30739.999999932053], [43841.0, 30713.0], [43873.0, 30610.0], [43917.0, 30491.0], [43933.0, 30276.0], [43988.0, 30256.0], [43993.0, 30115.0], [44023.0, 30063.0], [44085.0, 30058.0], [44095.0, 29987.0], [44120.0, 29844.0], [44122.0, 29574.0], [44128.0, 29567.0], [44131.0, 29417.0], [44137.0, 29399.0], [44151.0, 29388.0], [44199.0, 29370.0], [44219.0, 29349.0], [44223.0, 29083.0], [44240.0, 29044.0], [44285.0, 29030.0], [44302.0, 29015.0], [44340.0, 28864.0], [44347.0, 28566.0], [44354.0, 28532.0], [44361.0, 28411.0], [44412.0, 28403.0], [44441.0, 28157.0], [44459.0, 27955.0], [44478.0, 27942.0], [44480.0, 27934.0], [44529.0, 27881.0], [44548.0, 27783.0], [44568.0, 27659.0], [44569.0, 27287.0], [44600.0, 27218.0], [44607.0, 27019.0], [44615.0, 27015.0], [44632.0, 26944.0], [44634.0, 26905.0], [44655.0, 26867.0], [44690.0, 26821.0], [44703.0, 26696.0], [44729.0, 26665.0], [44744.0, 26600.0], [44775.0, 26551.0], [44798.0, 26174.0], [44808.0, 26041.0], [44837.0, 26025.0], [44855.0, 25834.0], [44869.0, 25307.0], [44879.0, 25239.0], [44940.0, 25172.0], [44960.0, 24898.0], [44973.0, 24594.0], [45005.0, 24278.0], [45010.0, 23010.0], [45020.0, 22751.0]]

size_X_E = 171
