vars = 250 ; constr = 5 
total_times_used = 349.3
size_Y_N = 5
Y_N = [[109012.0, 61942.0], [109024.0, 61204.0], [109026.0, 59946.0], [109036.99999998839, 59776.99999997506], [109042.0, 58789.0]]

size_X_E = 5
