vars = 100 ; constr = 5 
total_times_used = 993.43
size_Y_N = 120
Y_N = [[37766.0, 37148.0], [37919.0, 37128.0], [38925.0, 37069.0], [38978.0, 36846.0], [39023.0, 36832.0], [39211.0, 36825.0], [39231.0, 36794.0], [39243.0, 36736.0], [39279.0, 36692.0], [39406.0, 36670.0], [39538.0, 36646.0], [39548.0, 36502.0], [39583.0, 36492.0], [39691.0, 36479.0], [39961.0, 36391.0], [39965.0, 36219.0], [39970.0, 36211.0], [39987.0, 36192.0], [40180.0, 36128.0], [40193.0, 36042.0], [40300.0, 35977.0], [40311.0, 35928.0], [40335.0, 35793.0], [40453.0, 35785.0], [40501.0, 35715.0], [40503.0, 35713.0], [40518.0, 35691.0], [40523.0, 35620.0], [40553.0, 35589.0], [40560.0, 35571.0], [40566.0, 35524.0], [40629.0, 35517.0], [40640.0, 35486.0], [40708.0, 35479.0], [40745.0, 35424.0], [40758.0, 35405.0], [40806.0, 35360.0], [40814.0, 35274.0], [40847.0, 35226.0], [40927.0, 35185.0], [40947.0, 35173.0], [41103.0, 35090.0], [41158.0, 34869.0], [41188.0, 34793.0], [41202.0, 34723.0], [41204.0, 34663.0], [41228.0, 34661.0], [41238.0, 34612.0], [41302.999999995656, 34601.999999996755], [41319.0, 34558.0], [41409.0, 34508.0], [41415.0, 34333.0], [41474.0, 34329.0], [41526.0, 34315.0], [41561.0, 34203.0], [41587.0, 34126.0], [41614.0, 34025.0], [41622.0, 33947.0], [41632.0, 33932.0], [41637.0, 33917.0], [41658.0, 33904.0], [41730.0, 33903.0], [41759.0, 33779.0], [41782.0, 33738.0], [41801.0, 33607.0], [41815.0, 33524.0], [41871.0, 33507.0], [41907.0, 33497.0], [41934.0, 33468.0], [41982.0, 33406.0], [42041.0, 33196.0], [42044.0, 33175.0], [42120.0, 33007.0], [42122.0, 32618.0], [42136.0, 32561.0], [42160.0, 32544.0], [42177.0, 32438.0], [42180.0, 32404.0], [42181.0, 32361.0], [42198.0, 32335.0], [42207.0, 32271.0], [42274.0, 32242.0], [42280.0, 32111.0], [42374.0, 32021.0], [42440.0, 31836.0], [42471.0, 31594.0], [42529.0, 31574.0], [42632.0, 31392.0], [42668.0, 30986.0], [42681.0, 30866.0], [42684.0, 30451.0], [42743.0, 30371.0], [42755.0, 30332.0], [42756.0, 30258.0], [42789.0, 30102.0], [42790.0, 30071.0], [42841.0, 29963.0], [42844.0, 29614.0], [42855.0, 29590.0], [42866.0, 29512.0], [42887.0, 29500.0], [42904.0, 29420.0], [42911.0, 29110.0], [42969.0, 29081.0], [42976.0, 28606.0], [42996.0, 28583.0], [43009.0, 28507.0], [43032.0, 28224.0], [43097.0, 28223.0], [43103.0, 27889.000000000004], [43104.0, 27722.0], [43126.0, 27655.0], [43211.0, 27640.0], [43241.0, 26668.0], [43246.0, 26431.0], [43260.0, 26325.0], [43317.0, 26142.0], [43381.0, 25999.0], [43389.0, 24985.0], [43441.0, 22513.0]]

size_X_E = 120
