vars = 100 ; constr = 5 
total_times_used = 301.03
size_Y_N = 50
Y_N = [[41691.0, 33930.0], [41695.0, 33929.0], [41720.0, 33890.0], [41740.0, 33888.0], [41755.0, 33837.0], [41764.0, 33744.0], [41834.0, 33731.0], [41848.0, 33585.0], [41883.0, 33561.0], [41916.0, 33544.0], [41918.0, 33477.0], [41920.0, 33410.0], [41936.0, 33370.0], [41984.0, 33365.0], [41994.0, 33269.0], [41999.0, 33257.0], [42026.0, 33209.0], [42044.0, 33182.0], [42064.0, 33151.0], [42093.0, 33130.0], [42126.0, 32990.0], [42132.0, 32920.0], [42157.0, 32892.0], [42183.0, 32866.0], [42208.0, 32834.0], [42259.0, 32780.0], [42277.0, 32627.0], [42316.0, 32417.0], [42346.0, 32343.0], [42352.0, 32141.0], [42353.0, 32116.0], [42411.0, 32105.0], [42414.0, 31963.0], [42417.0, 31908.0], [42418.0, 31885.0], [42490.0, 31801.0], [42491.0, 31703.0], [42522.0, 31559.0], [42525.0, 31447.0], [42530.0, 31438.0], [42550.0, 31400.0], [42563.0, 31386.0], [42597.0, 31299.0], [42649.0, 31057.0], [42723.0, 30852.0], [42725.99999998746, 30483.999999989268], [42809.0, 30283.0], [42824.0, 29728.0], [42850.0, 29581.0], [42927.0, 28932.0]]

size_X_E = 50
