vars = 100 ; constr = 5 
total_times_used = 474.53
size_Y_N = 106
Y_N = [[17727.0, 24643.0], [17779.0, 24615.0], [18406.0, 24593.0], [18474.0, 24565.0], [18531.0, 24535.0], [18847.0, 24506.0], [18876.0, 24435.0], [19004.0, 24412.0], [19049.0, 24304.0], [19234.0, 24257.0], [19320.0, 24174.0], [19324.0, 24161.0], [19388.0, 24154.0], [19657.0, 24090.0], [19764.0, 23975.0], [19847.0, 23881.0], [19871.0, 23843.0], [19877.0, 23825.0], [19997.0, 23751.0], [20253.0, 23691.0], [20491.0, 23487.0], [20509.0, 23348.0], [20542.0, 23304.0], [20571.0, 23272.0], [20611.0, 23189.0], [20622.999999999363, 23184.000000000462], [20624.0, 23171.0], [20747.0, 23138.0], [20787.0, 23018.0], [20847.0, 22983.0], [20880.0, 22894.0], [21027.0, 22882.0], [21044.0, 22840.0], [21045.0, 22743.0], [21072.0, 22684.0], [21153.0, 22638.0], [21164.0, 22532.0], [21172.0, 22469.0], [21213.0, 22421.0], [21329.0, 22411.0], [21346.0, 22321.0], [21459.0, 22275.0], [21468.0, 21954.0], [21476.0, 21885.0], [21548.0, 21873.0], [21569.0, 21821.0], [21574.0, 21728.0], [21662.0, 21699.0], [21677.0, 21660.0], [21716.0, 21633.0], [21733.0, 21451.0], [21752.0, 21348.0], [21757.0, 21281.0], [21767.0, 21206.0], [21778.0, 21190.0], [21801.0, 21172.0], [21836.0, 21162.0], [21897.0, 21151.0], [21955.0, 21059.0], [21981.0, 20996.0], [22003.0, 20868.0], [22024.0, 20830.0], [22049.0, 20737.0], [22192.0, 20728.0], [22343.0, 20542.0], [22402.0, 20047.0], [22409.0, 19946.0], [22436.0, 19936.0], [22471.0, 19935.0], [22512.0, 19769.0], [22568.0, 19713.0], [22636.0, 19442.0], [22688.0, 18948.0], [22690.0, 18873.0], [22692.0, 18831.0], [22719.0, 18728.0], [22726.0, 18726.0], [22732.0, 18683.0], [22738.0, 18647.0], [22771.0, 18561.0], [22839.0, 18513.0], [22841.0, 18470.0], [22854.0, 18384.0], [22870.0, 18329.0], [22903.0, 18294.0], [22943.0, 18225.0], [23082.0, 18197.0], [23091.0, 17886.0], [23106.0, 17715.0], [23128.0, 17710.0], [23234.0, 17393.0], [23282.0, 16653.0], [23285.0, 16615.0], [23286.0, 16470.0], [23311.0, 16384.0], [23328.0, 16379.0], [23329.0, 16358.0], [23351.0, 16332.0], [23408.0, 16324.0], [23441.0, 16041.0], [23445.0, 15969.0], [23507.0, 15793.0], [23520.0, 14676.0], [23523.0, 14462.0], [23538.0, 14336.0], [23551.0, 13682.0]]

size_X_E = 106
