vars = 100 ; constr = 5 
total_times_used = 249.72
size_Y_N = 114
Y_N = [[54207.0, 37263.0], [54419.0, 37259.0], [54493.0, 37256.0], [54567.0, 37253.0], [54983.0, 37249.0], [55060.0, 37170.0], [55140.0, 37168.0], [55325.0, 37114.0], [55389.0, 37104.0], [55495.0, 37085.0], [55521.0, 37084.0], [55571.0, 37046.0], [55601.0, 37015.0], [55621.0, 37013.0], [55699.0, 36999.0], [55924.0, 36986.0], [55941.0, 36872.0], [56020.0, 36790.0], [56047.0, 36767.0], [56073.0, 36730.0], [56074.0, 36726.0], [56143.0, 36718.0], [56189.0, 36675.0], [56300.0, 36659.0], [56303.0, 36600.0], [56359.0, 36584.0], [56440.0, 36517.0], [56508.0, 36503.0], [56528.0, 36461.0], [56604.0, 36448.0], [56627.0, 36391.0], [56637.0, 36326.0], [56702.0, 36308.0], [56794.0, 36260.0], [56836.0, 36251.0], [56946.0, 36184.0], [56952.0, 36110.0], [56990.0, 36037.0], [57052.0, 36036.0], [57053.0, 35970.0], [57133.0, 35967.0], [57137.0, 35894.0], [57146.0, 35838.0], [57185.0, 35806.0], [57261.0, 35803.0], [57325.0, 35760.0], [57332.0, 35659.0], [57431.0, 35652.0], [57437.0, 35543.0], [57464.0, 35535.0], [57507.0, 35525.0], [57519.0, 35432.0], [57588.0, 35413.0], [57602.0, 35329.0], [57632.0, 35248.0], [57658.0, 35241.0], [57659.0, 35174.0], [57671.0, 35173.0], [57711.0, 35120.0], [57715.0, 35119.0], [57777.0, 35082.0], [57778.0, 35045.0], [57800.0, 35010.0], [57822.0, 35001.0], [57834.0, 34925.0], [57846.0, 34834.0], [57905.0, 34826.0], [57980.0, 34765.0], [57988.0, 34649.0], [58047.0, 34561.0], [58090.0, 34560.0], [58187.0, 34453.0], [58214.0, 34394.0], [58269.0, 34186.0], [58297.0, 34063.0], [58318.0, 33999.0], [58322.0, 33849.0], [58334.0, 33840.0], [58341.0, 33808.0], [58345.0, 33759.0], [58351.0, 33686.0], [58399.0, 33675.0], [58430.0, 33576.0], [58438.0, 33520.0], [58440.0, 33266.0], [58448.0, 33210.0], [58451.0, 33168.0], [58480.0, 33135.0], [58511.0, 33134.0], [58519.0, 33078.0], [58544.0, 32897.0], [58548.0, 32874.0], [58552.0, 32841.0], [58593.0, 32564.0], [58595.0, 32429.0], [58607.0, 32395.0], [58627.0, 32282.0], [58640.0, 32041.0], [58656.0, 31849.0], [58658.0, 31762.0], [58668.0, 31615.0], [58697.0, 31576.0], [58712.0, 31554.0], [58736.0, 31327.0], [58738.0, 31167.0], [58777.0, 31121.0], [58785.0, 31065.0], [58786.0, 30685.0], [58810.99999998567, 30530.999999974134], [58837.0, 30371.0], [58854.0, 30289.0], [58898.0, 30110.0], [58937.0, 29020.0], [58959.0, 27687.0]]

size_X_E = 114
