vars = 100 ; constr = 5 
total_times_used = 1205.51
size_Y_N = 150
Y_N = [[36761.0, 38679.0], [37519.0, 38643.0], [37524.0, 38505.0], [37585.0, 38448.0], [37668.0, 38445.0], [37762.0, 38400.0], [37799.0, 38358.0], [37905.0, 38346.0], [38173.0, 38328.0], [38220.0, 38224.0], [38295.0, 38221.0], [38425.0, 38142.0], [38500.0, 38139.0], [38536.0, 38046.0], [38596.0, 38017.0], [38647.0, 37944.0], [38729.0, 37909.0], [38760.0, 37885.0], [38780.0, 37854.0], [38829.0, 37841.0], [38843.0, 37800.0], [38975.0, 37777.0], [39076.99999999098, 37744.00000000073], [39092.0, 37661.0], [39140.999999998014, 37646.999999997715], [39176.0, 37588.0], [39184.0, 37533.0], [39226.0, 37526.0], [39291.0, 37510.0], [39323.0, 37442.0], [39325.0, 37415.0], [39373.0, 37412.0], [39394.0, 37389.0], [39398.0, 37366.0], [39439.0, 37361.0], [39451.0, 37315.0], [39482.0, 37230.0], [39493.0, 37228.0], [39544.0, 37217.0], [39600.0, 37204.0], [39622.0, 37136.0], [39640.0, 37125.0], [39668.0, 37075.0], [39704.0, 37034.0], [39748.0, 36977.0], [39811.0, 36944.0], [39835.0, 36907.0], [39868.0, 36906.0], [39878.0, 36815.0], [39922.0, 36803.0], [39930.0, 36801.0], [39955.0, 36766.0], [39982.0, 36731.0], [40019.0, 36689.0], [40057.0, 36642.0], [40092.0, 36565.0], [40101.0, 36554.0], [40106.0, 36545.0], [40128.0, 36522.0], [40163.0, 36506.0], [40186.0, 36439.0], [40229.0, 36435.0], [40359.0, 36388.0], [40422.0, 36219.0], [40425.0, 36200.0], [40429.0, 36193.0], [40440.0, 36115.0], [40445.0, 36043.0], [40487.0, 36034.0], [40582.0, 36012.0], [40610.0, 35842.0], [40670.0, 35818.0], [40681.0, 35697.0], [40776.0, 35691.0], [40788.0, 35507.0], [40791.0, 35482.0], [40837.0, 35481.0], [40889.0, 35447.0], [40890.0, 35411.0], [40975.0, 35400.0], [41012.0, 35256.0], [41032.0, 35217.0], [41043.0, 35179.0], [41055.0, 35165.0], [41179.0, 35136.0], [41281.0, 34953.0], [41311.0, 34853.0], [41344.0, 34766.0], [41389.0, 34635.0], [41413.0, 34522.0], [41424.0, 34477.0], [41434.0, 34451.0], [41465.0, 34437.0], [41483.0, 34424.0], [41499.0, 34384.0], [41521.0, 34287.0], [41524.0, 34237.0], [41668.0, 34222.0], [41672.0, 34112.0], [41682.0, 34047.0], [41691.0, 33930.0], [41695.0, 33929.0], [41720.0, 33890.0], [41740.0, 33888.0], [41755.0, 33837.0], [41764.0, 33744.0], [41834.0, 33731.0], [41848.0, 33585.0], [41883.0, 33561.0], [41916.0, 33544.0], [41918.0, 33477.0], [41920.0, 33410.0], [41936.0, 33370.0], [41984.0, 33365.0], [41994.0, 33269.0], [41999.0, 33257.0], [42026.0, 33209.0], [42044.0, 33182.0], [42064.0, 33151.0], [42093.0, 33130.0], [42126.0, 32990.0], [42132.0, 32920.0], [42157.0, 32892.0], [42183.0, 32866.0], [42208.0, 32834.0], [42259.0, 32780.0], [42277.0, 32627.0], [42316.0, 32417.0], [42346.0, 32343.0], [42352.0, 32141.0], [42353.0, 32116.0], [42411.0, 32105.0], [42414.0, 31963.0], [42417.0, 31908.0], [42418.0, 31885.0], [42490.0, 31801.0], [42491.0, 31703.0], [42522.0, 31559.0], [42525.0, 31447.0], [42530.0, 31438.0], [42550.0, 31400.0], [42563.0, 31386.0], [42597.0, 31299.0], [42649.0, 31057.0], [42723.0, 30852.0], [42725.99999998746, 30483.999999989268], [42809.0, 30283.0], [42824.0, 29728.0], [42850.0, 29581.0], [42927.0, 28932.0]]

size_X_E = 150
