vars = 100 ; constr = 5 
total_times_used = 1119.55
size_Y_N = 148
Y_N = [[34880.0, 32713.0], [35078.0, 32709.0], [35309.0, 32706.0], [35513.0, 32678.0], [36028.0, 32677.0], [36212.0, 32641.0], [36300.0, 32587.0], [36526.0, 32579.0], [36535.0, 32578.0], [36590.0, 32504.0], [36616.0, 32495.0], [36717.0, 32493.0], [36770.0, 32489.0], [36866.0, 32468.0], [36877.0, 32464.0], [36913.0, 32412.0], [36967.0, 32409.0], [37332.0, 32379.0], [37350.0, 32302.0], [37353.0, 32251.0], [37369.0, 32246.0], [37378.0, 32204.0], [37389.0, 32202.0], [37422.0, 32197.0], [37465.0, 32176.0], [37478.0, 32158.0], [37730.0, 32155.0], [37766.0, 32092.0], [37852.0, 32006.0], [37969.0, 31992.0], [37974.0, 31955.0], [38018.0, 31946.0], [38142.0, 31886.0], [38149.0, 31851.0], [38171.0, 31832.0], [38281.0, 31806.0], [38413.0, 31759.0], [38497.0, 31711.0], [38601.0, 31643.0], [38632.000000004045, 31509.00000000131], [38732.0, 31482.0], [38894.0, 31475.0], [38913.0, 31283.0], [38922.0, 31208.0], [39075.0, 31202.0], [39164.0, 31175.0], [39166.0, 31076.0], [39205.0, 31023.0], [39283.0, 30985.0], [39331.0, 30944.0], [39484.0, 30845.0], [39536.0, 30726.0], [39569.0, 30667.0], [39669.0, 30604.0], [39685.0, 30582.0], [39688.0, 30368.0], [39733.0, 30341.0], [39735.0, 30316.0], [39759.0, 30290.0], [39770.0, 30222.0], [39771.0, 30199.0], [39800.0, 30179.0], [39804.99999999115, 30158.999999997748], [39836.0, 30157.0], [39841.0, 30118.0], [39848.0, 30117.0], [39915.0, 30096.0], [39920.0, 29991.0], [39933.0, 29913.0], [39961.0, 29868.0], [39978.0, 29790.0], [39982.0, 29741.0], [40009.0, 29721.0], [40051.0, 29692.0], [40108.0, 29599.0], [40123.0, 29411.0], [40127.0, 29398.0], [40180.0, 29396.0], [40181.0, 29360.0], [40228.0, 29343.0], [40235.0, 29313.0], [40242.0, 29204.0], [40266.0, 29188.0], [40267.0, 29067.0], [40277.0, 29039.0], [40341.0, 29005.0], [40361.0, 28989.0], [40412.0, 28917.0], [40420.0, 28801.0], [40436.0, 28733.0], [40439.0, 28665.0], [40440.0, 28661.0], [40456.0, 28617.0], [40489.0, 28612.0], [40490.0, 28510.0], [40522.0, 28505.0], [40530.0, 28447.0], [40543.0, 28435.0], [40547.0, 28412.0], [40586.0, 28383.0], [40611.0, 28317.0], [40642.0, 28291.0], [40655.0, 28210.0], [40690.0, 28201.0], [40698.0, 28134.0], [40703.0, 28117.0], [40711.0, 28079.0], [40740.0, 28013.0], [40744.0, 27885.0], [40784.0, 27881.0], [40808.0, 27847.0], [40809.0, 27726.0], [40832.0, 27668.0], [40839.0, 27600.0], [40871.0, 27554.0], [40874.0, 27446.0], [40892.0, 27438.0], [40903.0, 27418.0], [40934.0, 27384.0], [40954.0, 27355.0], [40964.0, 27271.0], [40995.0, 27092.0], [41046.0, 27049.0], [41047.0, 26777.0], [41077.0, 26773.0], [41085.0, 26717.0], [41125.0, 26676.0], [41167.0, 26561.0], [41196.0, 26551.0], [41207.0, 26473.0], [41227.0, 26445.0], [41250.0, 26407.0], [41264.0, 26168.0], [41353.0, 26022.0], [41369.0, 25792.0], [41406.0, 25645.0], [41455.0, 25572.0], [41522.0, 25433.0], [41537.0, 25189.0], [41592.0, 25016.0], [41620.0, 24826.0], [41640.0, 24472.0], [41692.0, 24179.0], [41710.0, 24174.0], [41797.0, 23879.0], [41849.0, 23451.0], [41887.0, 22449.0], [42009.0, 22281.0]]

size_X_E = 148
