vars = 250 ; constr = 5 
total_times_used = 317.01
size_Y_N = 21
Y_N = [[154887.0, 107642.0], [154891.0, 107572.0], [154900.0, 107518.0], [154919.0, 107327.0], [154921.0, 107160.0], [154928.0, 107158.0], [154935.0, 107000.0], [154947.0, 106893.0], [154965.0, 106841.0], [154978.0, 106804.0], [154979.0, 105946.0], [154987.0, 105070.0], [154990.0, 104989.0], [154994.9999999482, 104923.99999983152], [155025.0, 104852.0], [155033.0, 104386.0], [155035.0, 104195.0], [155048.0, 103867.0], [155051.0, 103295.0], [155061.0, 102990.0], [155075.0, 102624.0]]

size_X_E = 21
