vars = 100 ; constr = 5 
total_times_used = 619.56
size_Y_N = 108
Y_N = [[20316.0, 23217.0], [20394.0, 23144.0], [20446.0, 23138.0], [20575.0, 23062.0], [20798.0, 23018.0], [20826.0, 22961.0], [20852.0, 22915.0], [20906.0, 22899.0], [20927.0, 22879.0], [20973.00000000392, 22871.000000002285], [21008.0, 22858.0], [21012.0, 22809.0], [21042.0, 22808.0], [21164.0, 22793.0], [21343.0, 22765.0], [21362.0, 22678.0], [21366.0, 22670.0], [21417.0, 22632.0], [21482.0, 22617.0], [21565.0, 22553.0], [21602.0, 22508.0], [21606.0, 22476.0], [21676.0, 22467.0], [21763.0, 22447.0], [21784.0, 22322.0], [21801.0, 22314.0], [21834.0, 22300.0], [21880.0, 22284.0], [21922.0, 22250.0], [21977.0, 22223.0], [21999.0, 22188.0], [22098.0, 22177.0], [22143.0, 22058.0], [22176.0, 22038.0], [22231.0, 21980.0], [22261.0, 21898.0], [22289.0, 21892.0], [22293.0, 21836.0], [22307.0, 21818.0], [22381.0, 21817.0], [22406.0, 21781.0], [22442.0, 21761.0], [22475.0, 21737.0], [22490.0, 21645.0], [22526.0, 21592.0], [22589.0, 21586.0], [22594.0, 21521.0], [22603.0, 21482.0], [22654.0, 21471.0], [22662.0, 21428.0], [22699.0, 21406.0], [22707.0, 21343.0], [22767.0, 21333.0], [22782.0, 21184.0], [22834.0, 21143.0], [22883.0, 21102.0], [22915.0, 21063.0], [22930.0, 21008.0], [23009.0, 20994.0], [23015.0, 20950.0], [23131.0, 20902.0], [23153.0, 20880.0], [23155.0, 20417.0], [23253.0, 20412.0], [23265.0, 20338.0], [23332.0, 20210.0], [23342.0, 20164.0], [23359.0, 20119.0], [23382.0, 20075.0], [23388.0, 20066.0], [23393.0, 20030.0], [23424.0, 20021.0], [23427.0, 19947.0], [23429.0, 19939.0], [23451.0, 19931.0], [23480.0, 19870.0], [23495.0, 19851.0], [23520.0, 19827.0], [23584.0, 19808.0], [23608.0, 19767.0], [23610.0, 19730.0], [23636.0, 19697.0], [23702.0, 19658.0], [23709.0, 19482.0], [23781.0, 19415.0], [23815.0, 19242.0], [23834.0, 18811.0], [23837.0, 18737.0], [23917.0, 18721.0], [23938.0, 18437.0], [23939.0, 18357.0], [23990.0, 18353.0], [24006.0, 18239.0], [24048.0, 18209.0], [24070.0, 18088.0], [24082.0, 17998.0], [24085.0, 17924.0], [24152.0, 17902.0], [24177.0, 17583.0], [24216.0, 17461.0], [24236.0, 16931.0], [24239.0, 16850.0], [24281.0, 16776.0], [24299.0, 16675.0], [24303.0, 16072.0], [24348.0, 16055.0], [24399.0, 15331.0], [24411.0, 14830.0]]

size_X_E = 108
