vars = 100 ; constr = 5 
total_times_used = 333.87
size_Y_N = 81
Y_N = [[55342.99999999985, 38627.99999999993], [55464.0, 38564.0], [55646.0, 38540.0], [55734.0, 38526.0], [55797.0, 38512.0], [55909.0, 38496.0], [56256.0, 38478.0], [56262.0, 38447.0], [56290.0, 38422.0], [56296.0, 38406.0], [56493.0, 38401.0], [56701.0, 38354.0], [56730.0, 38306.0], [56748.0, 38271.0], [56769.0, 38270.0], [56846.0, 38261.0], [56850.0, 38242.0], [56995.0, 38231.0], [57234.0, 38153.0], [57351.0, 38093.0], [57414.0, 37979.0], [57420.0, 37976.0], [57577.0, 37940.0], [57615.0, 37838.0], [57721.0, 37785.0], [57781.0, 37747.0], [57865.0, 37647.0], [57922.0, 37572.0], [57967.0, 37469.0], [57978.0, 37443.0], [58109.0, 37394.0], [58120.0, 37195.0], [58181.0, 37189.0], [58213.0, 37181.0], [58220.0, 37150.0], [58276.0, 37133.0], [58320.0, 37013.0], [58323.0, 36879.0], [58333.0, 36861.0], [58346.0, 36855.0], [58383.0, 36848.0], [58398.0, 36770.0], [58455.0, 36747.0], [58507.0, 36723.0], [58525.0, 36600.0], [58583.0, 36554.0], [58623.0, 36517.0], [58678.0, 36446.0], [58712.0, 36257.0], [58724.0, 36097.0], [58760.0, 36013.0], [58787.0, 35968.0], [58796.0, 35825.0], [58853.0, 35778.0], [58903.0, 35670.0], [58946.0, 35457.0], [58983.0, 35331.0], [58989.0, 35308.0], [59003.0, 35139.0], [59022.0, 35085.0], [59031.0, 35062.0], [59047.0, 35040.0], [59074.0, 34969.0], [59077.0, 34749.0], [59086.0, 34717.0], [59163.0, 34703.0], [59165.0, 34307.0], [59176.0, 34074.0], [59189.0, 33899.0], [59195.0, 33710.0], [59206.0, 33631.0], [59220.0, 33616.0], [59231.0, 33599.0], [59252.0, 33561.0], [59257.0, 33455.0], [59292.0, 33392.0], [59311.0, 33278.0], [59331.0, 32965.0], [59363.0, 32133.0], [59380.0, 31663.0], [59453.0, 31602.0]]

size_X_E = 81
