vars = 30 ; constr = 2 
 # informations of B&B algorithm : 
total_times_used = 63.39 
total_nodes = 3857 
pruned_nodes = 1896 
GAP = 0.0 
relaxation_time = 62.33 
test_dominance_time = 0.05 
update_incumbent_time = 0.38 
tree_size = 13.936 
nb_nodes_EPB = 0 
nb_nodes_VB = 3856 
root_relax = true 
TO = false 
rootLBS = 7 
LBSexhaustive = false 
 位_strategy = 0 
 位_min = 1 
 位_max = 15 
位_acc = 5.810733730878922 
total_time_cplex = 56.99015545845032 
total_time_fusion = 0.40265345573425293 


size_Y_N = 45
Y_N = [[9858.5, 16813.5], [9974.0, 16707.5], [10062.0, 16597.5], [10125.5, 16533.5], [10174.5, 16411.5], [10270.5, 16390.5], [10363.0, 16124.5], [10853.5, 16099.5], [11014.0, 15867.0], [11041.0, 15861.0], [11161.0, 15748.0], [11191.0, 15554.0], [11218.0, 15548.0], [11277.0, 15455.0], [11304.0, 15449.0], [11305.5, 15250.0], [11398.5, 15143.0], [11425.5, 15137.0], [11613.5, 15054.0], [11640.5, 15048.0], [11675.5, 14919.5], [11686.0, 14793.5], [11713.0, 14787.5], [11774.0, 14562.5], [11775.5, 14363.5], [11834.5, 14270.5], [11861.5, 14264.5], [11981.5, 14151.5], [12178.0, 14140.5], [12183.0, 13901.0], [12269.0, 13802.0], [12296.0, 13267.5], [12321.0, 13192.5], [12347.0, 13122.5], [12387.5, 12899.0], [12411.0, 12790.0], [12423.5, 12774.5], [12444.5, 12699.0], [12589.0, 12648.5], [12657.5, 12297.5], [12704.0, 12109.5], [12798.0, 12071.0], [12804.5, 10905.5], [12823.0, 10780.0], [12850.0, 10774.0]]

