vars = 40 ; constr = 6 
 # informations of B&B algorithm : 
total_times_used = 1106.3 
total_nodes = 17215 
pruned_nodes = 8560 
GAP = 0.0 
relaxation_time = 1101.5 
test_dominance_time = 0.17 
update_incumbent_time = 1.29 
tree_size = 59.079 
nb_nodes_EPB = 0 
nb_nodes_VB = 17214 
root_relax = true 
TO = false 
rootLBS = 16 
LBSexhaustive = false 
 位_strategy = 0 
 位_min = 0 
 位_max = 0 
位_acc = 0.0 
total_time_cplex = 0.0 
total_time_fusion = 0.0 


size_Y_N = 31
Y_N = [[5875.5, 9394.999999999998], [6148.5, 9316.999999999998], [6162.5, 9227.0], [6433.666666666666, 9216.0], [6454.166666666666, 9070.0], [6519.833333333334, 9069.0], [6573.5, 8926.0], [6664.666666666667, 8893.0], [6693.166666666666, 8833.0], [6718.333333333333, 8750.0], [6746.833333333333, 8690.0], [6838.0, 8657.0], [6903.666666666667, 8656.0], [6907.166666666666, 8539.0], [6926.833333333333, 8523.0], [7052.0, 8482.0], [7085.666666666666, 8294.0], [7272.166666666666, 8218.0], [7377.833333333334, 8102.0], [7399.5, 7604.833333333332], [7489.833333333334, 7551.833333333332], [7504.500000000001, 7488.833333333332], [7534.166666666666, 7369.833333333332], [7538.166666666666, 7321.833333333332], [7568.666666666666, 7311.833333333332], [7587.833333333334, 7204.166666666666], [7620.5, 6296.166666666666], [7651.500000000001, 6109.166666666666], [7664.666666666666, 5963.166666666666], [7712.5, 5694.0], [7848.5, 5257.0]]

