vars = 40 ; constr = 6 
 # informations of B&B algorithm : 
total_times_used = 3600.64 
total_nodes = 29297 
pruned_nodes = 8432 
GAP = 0.0 
relaxation_time = 3587.07 
test_dominance_time = 0.42 
update_incumbent_time = 6.48 
tree_size = 183.248 
nb_nodes_EPB = 0 
nb_nodes_VB = 29296 
root_relax = true 
TO = true 
rootLBS = 37 
LBSexhaustive = false 
 位_strategy = 0 
 位_min = 0 
 位_max = 0 
位_acc = 0.0 
total_time_cplex = 0.0 
total_time_fusion = 0.0 


size_Y_N = 50
Y_N = [[7574.833333333332, 18528.499999999996], [8157.833333333332, 18400.999999999996], [8221.166666666664, 18218.166666666664], [8380.833333333332, 18086.833333333332], [8588.166666666664, 18037.499999999996], [8782.166666666666, 17896.999999999996], [8802.333333333332, 17738.999999999996], [8880.0, 17602.999999999996], [8910.333333333332, 17563.0], [8934.833333333332, 17532.999999999996], [8966.333333333332, 17489.666666666664], [8997.0, 17475.999999999996], [9027.5, 17426.999999999996], [9094.5, 17401.666666666664], [9212.333333333332, 17348.999999999996], [9220.333333333332, 17338.666666666664], [9320.166666666666, 17325.666666666664], [9424.166666666666, 17147.666666666664], [9441.499999999998, 16857.33333333333], [9474.833333333332, 16846.666666666668], [9717.166666666668, 16775.666666666668], [9794.5, 16644.166666666668], [9823.833333333332, 16399.333333333336], [9834.5, 16377.333333333336], [9873.166666666664, 16364.333333333336], [9921.333333333334, 16336.333333333334], [9938.5, 16199.333333333334], [9953.333333333332, 16153.833333333336], [10024.999999999998, 16060.5], [10105.166666666666, 16058.000000000002], [10168.666666666666, 15996.000000000002], [10222.666666666666, 15959.500000000002], [10284.666666666666, 15838.16666666667], [10312.166666666666, 15753.666666666668], [10377.0, 15729.833333333334], [10625.5, 15420.66666666667], [10693.166666666668, 15163.666666666668], [10788.333333333334, 14770.500000000002], [10936.333333333334, 14616.833333333334], [10963.833333333334, 14532.333333333334], [11040.0, 14289.000000000004], [11120.0, 14199.000000000004], [11158.833333333334, 13732.833333333336], [11239.833333333334, 13636.333333333334], [11330.666666666668, 13565.16666666667], [11393.5, 13345.333333333336], [11421.666666666668, 12510.000000000002], [11445.333333333334, 12419.000000000002], [11541.0, 12314.500000000004], [11787.0, 11898.833333333336]]

