vars = 20 ; constr = 2 
 # informations of B&B algorithm : 
total_times_used = 2.29 
total_nodes = 3183 
pruned_nodes = 1592 
GAP = 0.0 
relaxation_time = 2.16 
test_dominance_time = 0.01 
update_incumbent_time = 0.0 
tree_size = 8.741 
nb_nodes_EPB = 0 
nb_nodes_VB = 3182 
root_relax = false 
TO = false 

size_Y_N = 5
Y_N = [[294937.0, 1.224331e6], [336026.0, 1.177874e6], [348001.0, 1.072734e6], [348226.0, 970512.0], [349822.0, 968871.0]]

size_X_E = 5
