vars = 900 ; constr = 60 
 # informations of B&B algorithm : 
total_times_used = 3601.08 
total_nodes = 22334 
pruned_nodes = 11221 
GAP = 0.0 
relaxation_time = 3424.46 
test_dominance_time = 0.01 
update_incumbent_time = 2.73 
tree_size = 120.47 
nb_nodes_EPB = 1915 
nb_nodes_VB = 20418 
root_relax = true 
TO = true 
rootLBS = 42 
LBSexhaustive = true 
 位_strategy = 0 
 位_min = 0 
 位_max = 0 
位_acc = 0.0 
total_time_cplex = 0.0 
total_time_fusion = 0.0 
heur = false 
heur_time = 0.0 


size_Y_N = 82
Y_N = [[48.0, 336.0], [49.0, 302.0], [50.0, 277.0], [52.0, 243.0], [53.0, 234.0], [54.0, 225.0], [55.0, 218.0], [56.0, 207.0], [57.0, 198.0], [58.0, 193.0], [59.0, 186.0], [60.0, 183.0], [61.0, 177.0], [62.0, 172.0], [63.0, 166.0], [64.0, 162.0], [65.0, 156.0], [66.0, 153.0], [67.0, 152.0], [68.0, 144.0], [70.0, 140.0], [71.0, 138.0], [72.0, 136.0], [73.0, 133.0], [75.0, 128.0], [76.0, 125.0], [78.0, 121.0], [80.0, 118.0], [81.0, 117.0], [82.0, 114.0], [83.0, 113.0], [84.0, 112.0], [85.0, 110.0], [86.0, 107.0], [87.0, 106.0], [88.0, 103.0], [90.0, 100.0], [92.0, 96.0], [94.0, 94.0], [99.0, 93.0], [101.0, 91.0], [102.0, 90.0], [103.0, 88.0], [105.0, 86.0], [107.0, 84.0], [109.0, 83.0], [112.0, 82.0], [114.0, 80.0], [116.0, 76.0], [119.0, 75.0], [122.0, 74.0], [127.0, 71.0], [128.0, 70.0], [132.0, 69.0], [140.0, 68.0], [141.0, 67.0], [142.0, 66.0], [146.0, 65.0], [154.0, 64.0], [159.0, 63.0], [162.0, 62.0], [166.0, 61.0], [174.0, 60.0], [176.0, 59.0], [184.0, 58.0], [185.99999999999966, 57.99999999999994], [188.0, 57.0], [194.0, 56.0], [198.0, 55.0], [201.0, 54.0], [210.0, 53.0], [211.0, 52.0], [222.0, 51.0], [235.0, 50.0], [236.0, 49.0], [251.0, 48.0], [262.0, 47.0], [263.0, 46.0], [287.0, 45.0], [289.0, 44.0], [318.0, 43.0], [341.0, 42.0]]
