vars = 80 ; constr = 1 
 # informations of B&B algorithm : 
total_times_used = 4064.02 
total_nodes = 5991 
pruned_nodes = 2527 
GAP = 0.0 
relaxation_time = 3933.9 
test_dominance_time = 0.19 
update_incumbent_time = 111.96 
tree_size = 104.018 
nb_nodes_EPB = 0 
nb_nodes_VB = 5990 
root_relax = true 
TO = true 
rootLBS = 41 
LBSexhaustive = true 
 λ_strategy = 0 
 λ_min = 0 
 λ_max = 0 
λ_acc = 0.0 
total_time_cplex = 2980.763453722 
total_time_fusion = 0.0 
heur = false 
heur_time = 0.0 
mixed = false 
mixed2 = false 



 # ----------- info about cuts : 
ite_total = 5991 
cuts_applied = 27217 
sp_cuts = 7423 
mp_cuts = 19794 
cuts_total = 27217 
times_calling_dicho = 3933.9 
times_calling_separators = 3.33 
times_oper_cutPool = 1.63 
times_total_for_cuts = 4061.69 
times_add_retrieve_cuts = 6.24 



size_Y_N = 117
Y_N = [[22655.0, 34463.0], [22855.0, 34438.0], [22989.0, 34407.0], [23304.0, 34388.0], [23390.0, 34340.0], [23483.0, 34316.0], [23590.0, 34315.0], [23712.0, 34296.0], [24214.0, 34287.0], [24414.0, 34262.0], [24415.0, 34198.0], [24936.0, 34141.0], [25005.0, 34062.0], [25205.0, 34037.0], [25360.0, 33982.0], [25472.0, 33920.0], [25512.0, 33893.0], [25532.0, 33851.0], [25583.0, 33838.0], [25710.0, 33837.0], [25910.0, 33835.0], [26035.0, 33746.0], [26054.0, 33745.0], [26235.0, 33721.0], [26361.0, 33641.0], [26502.0, 33604.0], [26525.0, 33512.0], [26789.0, 33480.0], [26803.0, 33393.0], [26812.0, 33388.0], [26823.0, 33351.0], [26844.0, 33349.0], [26928.0, 33304.0], [26937.0, 33299.0], [26940.0, 33285.0], [26943.0, 33272.0], [26997.0, 33266.0], [27312.0, 33248.0], [27387.0, 33196.0], [27515.0, 33093.0], [27689.0, 32968.0], [27752.0, 32867.0], [27848.0, 32847.0], [27899.0, 32819.0], [28093.0, 32709.0], [28106.0, 32699.0], [28146.0, 32604.0], [28158.0, 32572.0], [28198.0, 32539.0], [28236.0, 32534.0], [28254.0, 32517.0], [28386.0, 32473.0], [28507.0, 32395.0], [28601.0, 32306.0], [28647.0, 32222.0], [28693.0, 32158.0], [28728.0, 32142.0], [28734.0, 32024.0], [28833.0, 32011.0], [28841.0, 31976.0], [28844.0, 31963.0], [28940.0, 31943.0], [28986.0, 31859.0], [28997.0, 31831.0], [29035.0, 31827.0], [29140.0, 31696.0], [29152.0, 31527.0], [29280.0, 31523.0], [29361.0, 31443.0], [29416.0, 31341.0], [29496.0, 31316.0], [29521.0, 31210.0], [29523.0, 31180.0], [29619.0, 31160.0], [29674.0, 31058.0], [29737.0, 31029.0], [29741.0, 30892.0], [29744.0, 30770.0], [29769.0, 30751.0], [29863.0, 30710.0], [29869.0, 30654.0], [29900.0, 30625.0], [29902.0, 30621.0], [29927.0, 30596.0], [29943.0, 30555.0], [30011.0, 30529.0], [30091.0, 30504.0], [30146.0, 30402.0], [30180.0, 30225.0], [30188.0, 30150.0], [30212.0, 30127.0], [30235.0, 30123.0], [30336.0, 30080.0], [30391.0, 29978.0], [30475.0, 29800.0], [30538.0, 29743.0], [30581.0, 29545.0], [30601.0, 29497.0], [30647.0, 29305.0], [30744.0, 29297.0], [30803.0, 29160.0], [30804.0, 29131.0], [30834.0, 28994.0], [30841.0, 28989.0], [30879.0, 28985.0], [30901.0, 28886.0], [31006.0, 28794.0], [31037.0, 28628.0], [31049.0, 28596.0], [31067.0, 28361.0], [31163.0, 28341.0], [31194.0, 28217.0], [31211.0, 27832.0], [31251.0, 27660.0], [31263.0, 27083.0], [31274.0, 25842.0], [31283.0, 25794.0]]
