vars = 100 ; constr = 1 
 # informations of B&B algorithm : 
total_times_used = 4167.05 
total_nodes = 921 
pruned_nodes = 330 
GAP = 0.0 
relaxation_time = 4042.48 
test_dominance_time = 0.03 
update_incumbent_time = 116.93 
tree_size = 30.688 
nb_nodes_EPB = 0 
nb_nodes_VB = 920 
root_relax = true 
TO = true 
rootLBS = 78 
LBSexhaustive = true 
 λ_strategy = 0 
 λ_min = 0 
 λ_max = 0 
λ_acc = 0.0 
total_time_cplex = 3100.6733813285828 
total_time_fusion = 0.0 
heur = false 
heur_time = 0.0 
mixed = false 
mixed2 = false 



 # ----------- info about cuts : 
ite_total = 921 
cuts_applied = 8418 
sp_cuts = 1848 
mp_cuts = 6570 
cuts_total = 8418 
times_calling_dicho = 4042.48 
times_calling_separators = 1.32 
times_oper_cutPool = 0.4 
times_total_for_cuts = 4166.76 
times_add_retrieve_cuts = 2.6 



size_Y_N = 127
Y_N = [[35731.0, 38106.0], [35912.0, 38089.0], [36828.0, 38071.0], [37363.0, 38010.0], [37420.0, 37981.0], [37532.0, 37975.0], [37633.0, 37924.0], [37821.0, 37896.0], [37873.0, 37857.0], [37985.0, 37851.0], [38295.0, 37844.0], [38404.0, 37810.0], [38455.0, 37796.0], [38591.0, 37783.0], [38744.0, 37717.0], [38792.0, 37706.0], [38795.0, 37682.0], [38804.0, 37641.0], [38880.0, 37640.0], [38984.0, 37630.0], [39096.0, 37624.0], [39102.0, 37589.0], [39123.0, 37581.0], [39176.0, 37579.0], [39271.0, 37554.0], [39560.0, 37475.0], [39575.0, 37415.0], [39631.0, 37356.0], [39655.0, 37333.0], [39791.0, 37320.0], [39903.0, 37314.0], [39960.0, 37285.0], [40000.0, 37246.0], [40057.0, 37217.0], [40197.0, 37211.0], [40215.0, 37120.0], [40305.0, 37104.0], [40388.0, 37090.0], [40400.0, 37056.0], [40440.0, 37030.0], [40657.0, 37017.0], [40731.0, 36929.0], [40737.0, 36926.0], [40898.0, 36916.0], [40904.0, 36843.0], [40961.0, 36842.0], [41071.0, 36836.0], [41082.0, 36797.0], [41105.0, 36725.0], [41130.0, 36720.0], [41139.0, 36711.0], [41258.0, 36663.0], [41261.0, 36639.0], [41326.0, 36630.0], [41344.0, 36613.0], [41411.0, 36534.0], [41505.0, 36529.0], [41526.0, 36473.0], [41559.0, 36467.0], [41687.0, 36462.0], [41863.0, 36385.0], [41873.0, 36261.0], [41922.0, 36259.0], [41951.0, 36226.0], [41979.0, 36173.0], [41980.0, 36138.0], [42029.0, 36102.0], [42086.0, 36073.0], [42105.0, 36065.0], [42208.0, 36001.0], [42234.0, 35976.0], [42280.0, 35935.0], [42301.0, 35851.0], [42328.0, 35816.0], [42415.0, 35810.0], [42434.0, 35774.0], [42444.0, 35761.0], [42569.0, 35688.0], [42620.0, 35684.0], [42645.0, 35485.0], [42669.0, 35476.0], [42687.0, 35474.0], [42698.0, 35435.0], [42855.0, 35386.0], [42931.0, 35284.0], [42977.0, 35183.0], [43006.0, 35064.0], [43008.0, 35043.0], [43049.0, 35041.0], [43081.0, 35001.0], [43171.0, 34887.0], [43247.0, 34785.0], [43271.0, 34610.0], [43356.0, 34524.0], [43397.0, 34502.0], [43482.0, 34487.0], [43487.0, 34408.0], [43563.0, 34306.0], [43586.0, 34158.0], [43672.0, 34025.0], [43713.0, 34023.0], [43736.0, 33895.0], [43746.0, 33825.0], [43772.0, 33748.0], [43779.0, 33652.0], [43789.0, 33636.0], [43852.0, 33610.0], [43853.0, 33541.0], [43922.0, 33529.0], [44100.0, 33274.0], [44140.0, 33090.0], [44176.0, 32937.0], [44186.0, 32629.0], [44258.0, 32610.0], [44263.0, 32313.0], [44302.0, 32244.0], [44347.0, 32166.0], [44351.0, 32148.0], [44406.0, 31965.0], [44441.0, 31630.0], [44466.0, 31253.0], [44512.0, 31120.0], [44525.0, 31063.0], [44546.0, 30397.0], [44554.0, 30148.0], [44565.0, 29831.0], [44590.0, 29209.0]]
