vars = 100 ; constr = 1 
 # informations of B&B algorithm : 
total_times_used = 5716.45 
total_nodes = 6539 
pruned_nodes = 2847 
GAP = 0.0 
relaxation_time = 5438.26 
test_dominance_time = 0.4 
update_incumbent_time = 235.35 
tree_size = 196.851 
nb_nodes_EPB = 0 
nb_nodes_VB = 6538 
root_relax = true 
TO = true 
rootLBS = 69 
LBSexhaustive = true 
 λ_strategy = 0 
 λ_min = 0 
 λ_max = 0 
λ_acc = 0.0 
total_time_cplex = 4000.498568534851 
total_time_fusion = 0.0 
heur = false 
heur_time = 0.0 
mixed = false 
mixed2 = false 



 # ----------- info about cuts : 
ite_total = 6539 
cuts_applied = 46170 
sp_cuts = 10957 
mp_cuts = 35213 
cuts_total = 46170 
times_calling_dicho = 5438.26 
times_calling_separators = 8.06 
times_oper_cutPool = 2.25 
times_total_for_cuts = 5712.62 
times_add_retrieve_cuts = 14.46 



size_Y_N = 154
Y_N = [[30623.0, 40257.0], [31260.0, 40242.0], [31759.0, 40226.0], [31952.0, 40214.0], [32047.0, 40203.0], [32124.0, 40202.0], [32182.0, 40198.0], [32661.0, 40194.0], [32691.0, 40123.0], [33017.0, 40121.0], [33054.0, 40119.0], [33121.0, 40101.0], [33266.0, 40080.0], [33369.0, 40071.0], [33559.0, 40031.0], [33596.0, 40029.0], [33833.0, 40001.0], [33875.0, 39970.0], [34008.0, 39962.0], [34112.0, 39942.0], [34160.0, 39892.0], [34360.0, 39866.0], [34529.0, 39824.0], [34591.0, 39722.0], [34603.0, 39678.0], [34684.0, 39640.0], [34792.0, 39623.0], [34851.0, 39602.0], [34896.0, 39599.0], [34932.0, 39587.0], [35011.0, 39583.0], [35020.0, 39560.0], [35087.0, 39542.0], [35119.0, 39514.0], [35174.0, 39497.0], [35175.0, 39485.0], [35338.0, 39474.0], [35372.0, 39464.0], [35478.0, 39451.0], [35535.0, 39349.0], [35611.0, 39325.0], [35649.0, 39266.0], [35654.0, 39249.0], [35854.0, 39223.0], [35969.0, 39187.0], [35977.0, 39115.0], [36026.0, 39085.0], [36093.0, 39067.0], [36140.0, 39002.0], [36235.0, 39001.0], [36426.0, 38944.0], [36450.0, 38882.0], [36498.0, 38800.0], [36542.0, 38762.0], [36546.0, 38748.0], [36810.0, 38746.0], [36949.0, 38652.0], [37097.0, 38557.0], [37257.0, 38472.0], [37284.0, 38370.0], [37414.0, 38348.0], [37544.0, 38283.0], [37555.0, 38175.0], [37576.0, 38096.0], [37584.0, 38007.0], [37662.0, 37984.0], [37668.0, 37969.0], [37708.0, 37911.0], [37720.0, 37889.0], [37739.0, 37870.0], [37779.0, 37861.0], [37976.0, 37856.0], [37999.0, 37689.0], [38003.0, 37672.0], [38014.0, 37628.0], [38060.0, 37580.0], [38128.0, 37571.0], [38151.0, 37549.0], [38178.0, 37527.0], [38236.0, 37427.0], [38240.0, 37314.0], [38253.0, 37310.0], [38333.0, 37298.0], [38373.0, 37284.0], [38397.0, 37237.0], [38416.0, 37228.0], [38421.0, 37188.0], [38431.0, 37184.0], [38492.0, 37153.0], [38583.0, 37122.0], [38593.0, 37103.0], [38625.0, 37007.0], [38645.0, 36999.0], [38774.0, 36881.0], [38793.0, 36723.0], [38805.0, 36709.0], [38864.0, 36630.0], [38927.0, 36574.0], [38986.0, 36546.0], [39053.0, 36528.0], [39077.0, 36494.0], [39181.0, 36307.0], [39201.0, 36271.0], [39219.0, 36216.0], [39245.0, 36081.0], [39410.0, 36048.0], [39485.0, 35867.0], [39554.0, 35761.0], [39589.0, 35680.0], [39609.0, 35644.0], [39627.0, 35589.0], [39680.0, 35513.0], [39731.0, 35402.0], [39751.0, 35366.0], [39784.0, 35197.0], [39798.0, 35193.0], [39828.0, 35175.0], [39861.0, 35174.0], [39887.0, 35075.0], [39918.0, 35054.0], [39968.0, 35035.0], [39972.0, 34988.0], [40039.0, 34970.0], [40045.0, 34751.0], [40143.0, 34749.0], [40187.0, 34632.0], [40211.0, 34438.0], [40249.0, 34393.0], [40270.0, 34375.0], [40442.0, 34278.0], [40472.0, 34030.0], [40510.0, 33967.0], [40547.0, 33870.0], [40608.0, 33784.0], [40684.0, 33706.0], [40756.0, 33446.0], [40785.0, 33278.0], [40789.0, 33165.0], [40846.0, 33136.0], [40890.0, 33119.0], [40943.0, 32876.0], [40982.0, 32811.0], [41025.0, 32655.0], [41050.0, 32500.0], [41086.0, 32439.0], [41154.0, 32128.0], [41189.0, 31787.0], [41199.0, 31620.0], [41219.0, 31561.0], [41234.0, 31279.0], [41254.0, 31220.0], [41302.0, 30968.0], [41344.0, 30329.0], [41362.0, 29848.0]]
