vars = 625 ; constr = 50 
total_times_used = 15.06
size_Y_N = 78
Y_N = [[43.0, 226.0], [44.0, 224.0], [45.0, 211.0], [46.0, 208.0], [47.0, 200.0], [49.0, 192.0], [50.0, 184.0], [51.0, 180.0], [52.0, 178.0], [54.0, 172.0], [55.0, 162.0], [58.0, 158.0], [59.0, 156.0], [60.0, 149.0], [63.0, 140.0], [64.0, 138.0], [65.0, 136.0], [68.0, 134.0], [69.0, 132.0], [70.0, 127.0], [72.0, 125.0], [73.0, 123.0], [75.0, 120.0], [76.0, 118.0], [77.0, 116.0], [78.0, 114.0], [81.0, 111.0], [82.0, 107.0], [83.0, 106.0], [86.0, 104.0], [87.0, 103.0], [88.0, 102.0], [89.0, 101.0], [90.0, 100.0], [92.0, 97.0], [93.0, 93.0], [96.0, 92.0], [97.0, 90.99999999999997], [98.0, 90.0], [99.0, 89.0], [101.0, 86.0], [104.0, 85.0], [106.0, 84.0], [107.0, 82.0], [110.0, 81.0], [113.0, 80.0], [116.0, 79.0], [117.0, 78.0], [120.0, 77.0], [121.0, 75.0], [124.0, 74.0], [127.0, 73.0], [128.0, 72.0], [131.0, 70.0], [133.0, 69.0], [135.99999999999994, 67.99999999999997], [137.99999999999977, 67.0], [140.99999999999915, 66.0], [146.0, 65.0], [147.0, 63.0], [152.0, 62.0], [154.0, 61.0], [157.0, 60.0], [162.0, 59.0], [171.0, 58.0], [173.0, 57.00000000000001], [175.0, 56.0], [187.0, 55.0], [188.0, 54.0], [197.0, 53.0], [199.0, 52.0], [207.0, 51.0], [214.0, 50.0], [222.0, 49.0], [228.0, 48.0], [247.0, 47.0], [256.0, 46.0], [270.0, 45.0]]
