vars = 100 ; constr = 20 
total_times_used = 7.17
size_Y_N = 18
Y_N = [[26.0, 94.0], [29.0, 93.0], [31.0, 89.0], [34.0, 88.0], [34.99999999999984, 84.99999999999947], [37.0, 80.0], [41.0, 74.0], [46.0, 69.0], [50.0, 65.0], [54.0, 60.0], [56.0, 59.0], [61.0, 52.0], [72.0, 50.0], [73.0, 44.0], [83.0, 42.0], [88.0, 40.0], [91.0, 34.0], [125.0, 33.0]]
