vars = 1225 ; constr = 70 
total_times_used = 24.31
size_Y_N = 111
Y_N = [[55.0, 352.0], [56.0, 333.0], [57.0, 325.0], [58.0, 309.0], [59.0, 298.0], [60.0, 290.0], [61.0, 285.0], [62.0, 274.0], [63.0, 266.0], [64.0, 260.0], [65.0, 255.0], [66.0, 246.0], [67.0, 238.0], [68.0, 232.0], [69.0, 231.00000000000003], [70.0, 225.0], [71.0, 222.0], [72.0, 218.0], [73.0, 211.0], [74.0, 205.0], [75.0, 199.0], [77.0, 195.0], [78.0, 190.0], [80.0, 185.0], [81.0, 179.0], [82.0, 177.0], [84.0, 170.0], [85.0, 168.0], [86.0, 167.0], [88.0, 165.0], [89.0, 163.0], [90.0, 159.0], [91.0, 158.0], [92.0, 156.0], [93.0, 155.0], [94.0, 153.0], [95.0, 152.0], [96.0, 149.0], [97.0, 147.0], [98.0, 144.0], [101.0, 141.0], [103.0, 139.0], [103.99999999999996, 137.99999999999994], [105.0, 136.0], [106.0, 135.0], [107.0, 132.0], [110.0, 130.0], [112.0, 128.0], [113.0, 126.0], [115.0, 124.0], [118.0, 122.0], [119.0, 120.0], [121.0, 118.0], [124.0, 116.0], [125.0, 114.0], [128.0, 113.0], [129.0, 112.0], [131.0, 111.0], [132.0, 109.0], [134.0, 107.0], [137.0, 105.0], [138.0, 103.0], [141.0, 102.0], [142.0, 101.0], [143.0, 100.0], [146.0, 99.0], [147.0, 98.0], [149.0, 97.0], [151.0, 96.0], [152.0, 95.0], [153.0, 94.0], [156.0, 93.0], [157.0, 91.0], [160.0, 90.0], [161.0, 89.0], [162.0, 88.0], [164.0, 87.0], [165.0, 86.0], [167.0, 85.0], [169.0, 83.0], [173.0, 82.0], [175.0, 81.0], [176.0, 79.0], [180.0, 77.0], [184.0, 76.0], [187.0, 75.0], [190.0, 73.0], [193.0, 72.0], [197.0, 71.0], [199.0, 69.0], [202.0, 68.0], [204.0, 67.0], [208.0, 66.0], [210.0, 64.0], [214.0, 62.0], [221.0, 60.0], [231.0, 59.0], [235.0, 57.0], [240.0, 56.0], [242.0, 55.0], [245.99999999999955, 53.999999999999915], [253.0, 53.0], [254.0, 52.0], [261.0, 51.0], [263.0, 50.0], [269.0, 49.0], [273.0, 48.0], [280.0, 46.0], [296.0, 45.0], [303.0, 44.0], [329.0, 43.0]]
