vars = 900 ; constr = 60 
total_times_used = 16.07
size_Y_N = 93
Y_N = [[49.0, 234.0], [50.0, 219.0], [51.0, 217.0], [52.0, 211.0], [53.0, 206.0], [54.0, 200.0], [55.0, 198.0], [56.0, 192.0], [57.0, 188.0], [58.0, 181.0], [59.00000000000001, 180.0], [60.0, 176.0], [61.0, 169.0], [62.0, 166.00000000000006], [63.0, 164.0], [64.0, 161.0], [65.0, 159.0], [66.0, 156.0], [67.0, 154.0], [68.0, 150.0], [69.0, 149.0], [70.0, 146.0], [71.0, 142.0], [72.0, 141.0], [73.0, 140.0], [74.0, 138.0], [75.0, 137.0], [76.0, 132.0], [77.0, 131.0], [79.0, 130.0], [80.0, 125.0], [81.0, 123.0], [82.0, 122.0], [85.0, 119.0], [85.9999999999999, 117.99999999999996], [88.0, 114.0], [89.0, 113.0], [89.99999999999997, 111.99999999999999], [92.0, 111.0], [94.0, 110.0], [94.99999999999997, 108.99999999999993], [96.0, 105.0], [97.0, 104.0], [100.0, 103.0], [101.99999999999999, 101.99999999999999], [105.0, 101.0], [106.0, 99.0], [107.0, 98.0], [108.0, 97.0], [109.0, 96.0], [115.0, 95.0], [116.0, 94.0], [117.0, 93.0], [120.0, 92.0], [122.0, 91.0], [127.0, 89.0], [130.0, 88.0], [133.0, 87.00000000000001], [137.0, 86.0], [138.0, 85.0], [140.0, 84.0], [146.0, 83.0], [147.0, 82.0], [151.0, 81.0], [152.0, 80.0], [154.0, 79.0], [162.0, 77.0], [167.0, 76.0], [167.99999999999986, 74.99999999999994], [170.0, 74.0], [176.0, 73.0], [178.0, 72.00000000000003], [184.0, 71.0], [186.0, 70.0], [192.0, 68.0], [197.0, 67.0], [202.0, 66.0], [203.99999999999923, 65.00000000000028], [210.0, 64.0], [213.0, 62.0], [223.0, 61.0], [225.0, 60.0], [228.0, 59.0], [233.99999999999883, 58.0], [241.0, 57.0], [246.0, 55.0], [258.0, 54.0], [264.0, 53.0], [281.0, 52.0], [287.0, 51.0], [308.0, 50.0], [331.0, 49.0], [368.0, 48.0]]
