vars = 1600 ; constr = 80 
total_times_used = 27.61
size_Y_N = 129
Y_N = [[55.0, 420.0], [56.0, 391.0], [57.0, 372.0], [58.0, 354.0], [59.0, 348.0], [60.0, 336.0], [61.0, 326.0], [62.0, 321.0], [63.0, 309.0], [64.0, 308.0], [65.0, 297.0], [66.0, 289.0], [67.0, 288.0], [68.0, 282.0], [69.0, 278.0], [70.0, 273.0], [71.0, 268.0], [72.0, 263.0], [73.0, 260.0], [74.0, 257.0], [75.0, 254.0], [76.0, 247.0], [77.0, 245.0], [78.0, 240.0], [79.0, 237.0], [80.0, 234.0], [81.0, 231.0], [82.0, 224.0], [83.0, 223.0], [84.0, 218.0], [85.0, 217.0], [86.0, 212.0], [87.0, 211.0], [88.0, 208.0], [89.0, 203.0], [90.0, 202.0], [91.0, 197.0], [92.0, 196.0], [93.0, 194.0], [94.0, 192.0], [95.0, 188.0], [96.0, 186.0], [97.0, 184.0], [98.0, 183.0], [99.0, 181.0], [100.0, 179.0], [101.0, 177.0], [102.0, 175.0], [103.0, 173.0], [104.0, 171.0], [105.0, 167.0], [106.0, 165.0], [107.0, 163.0], [109.0, 160.0], [110.0, 158.0], [111.0, 156.0], [112.0, 154.0], [113.0, 153.0], [114.0, 150.0], [115.0, 148.99999999999997], [117.0, 148.0], [118.0, 146.0], [120.0, 142.0], [123.0, 140.0], [124.0, 139.0], [125.0, 138.0], [126.0, 136.0], [128.0, 134.0], [129.0, 132.0], [132.0, 131.0], [133.0, 129.0], [134.0, 128.0], [135.0, 127.0], [137.0, 126.0], [138.0, 123.0], [142.0, 121.0], [143.0, 120.0], [143.99999999999994, 118.99999999999989], [148.0, 117.0], [149.0, 114.0], [153.0, 113.0], [155.0, 112.0], [155.9999999999934, 110.0000000000044], [159.0, 108.0], [160.0, 107.0], [164.99999999999673, 104.00000000000188], [167.0, 103.0], [170.0, 102.0], [172.0, 101.0], [175.0, 98.0], [176.0, 97.0], [179.0, 96.0], [186.0, 94.0], [189.0, 93.0], [190.0, 91.99999999999999], [192.99999999999292, 91.0], [194.0, 90.0], [199.0, 89.0], [200.0, 88.0], [201.0, 87.0], [208.0, 86.0], [210.0, 85.0], [211.0, 84.0], [215.0, 83.0], [216.0, 82.0], [221.0, 81.0], [223.0, 80.0], [231.0, 79.0], [233.0, 78.0], [237.0, 77.0], [238.0, 76.0], [239.0, 75.0], [242.0, 74.0], [251.0, 73.0], [254.0, 72.0], [260.0, 71.0], [262.0, 70.0], [266.99999999999994, 69.0], [276.0, 68.0], [280.0, 66.0], [290.0, 65.0], [297.0, 64.0], [304.0, 63.0], [314.0, 62.0], [322.0, 61.0], [328.0, 60.0], [345.0, 59.0], [346.0, 58.0], [369.0, 57.0]]
