vars = 2500 ; constr = 100 
total_times_used = 38.01
size_Y_N = 146
Y_N = [[58.0, 536.0], [58.99999999999999, 478.99999999999994], [60.0, 449.0], [61.0, 441.0], [62.0, 426.0], [63.0, 411.0], [64.0, 404.0], [65.0, 390.0], [66.0, 379.0], [67.0, 366.0], [68.0, 360.0], [69.0, 350.0], [70.0, 343.0], [71.0, 330.0], [72.0, 324.00000000000006], [73.0, 314.0], [74.0, 307.0], [75.0, 301.0], [76.0, 293.0], [77.0, 286.0], [78.0, 282.0], [79.0, 277.0], [80.0, 272.0], [81.0, 266.0], [82.0, 261.0], [83.0, 254.0], [84.0, 249.0], [85.0, 244.0], [86.0, 243.0], [87.0, 238.0], [88.0, 234.0], [89.0, 231.0], [90.0, 230.0], [91.0, 225.0], [92.0, 221.0], [93.0, 218.0], [94.0, 213.0], [95.0, 210.0], [96.0, 205.0], [98.0, 198.0], [100.0, 195.0], [101.0, 192.0], [102.0, 189.0], [103.0, 185.0], [104.0, 183.0], [105.0, 180.0], [107.0, 179.0], [108.0, 176.0], [109.0, 173.0], [111.0, 172.0], [112.0, 169.0], [113.0, 167.0], [115.0, 165.0], [116.0, 163.0], [117.0, 162.0], [118.0, 161.0], [119.0, 159.0], [120.0, 158.0], [121.0, 157.0], [122.0, 155.0], [123.0, 154.0], [124.0, 152.0], [125.0, 151.0], [126.0, 150.0], [127.0, 148.0], [129.0, 145.0], [132.0, 144.0], [133.0, 143.0], [134.0, 140.0], [136.0, 139.0], [137.0, 138.0], [138.0, 136.0], [140.0, 135.0], [142.0, 134.0], [143.0, 133.0], [144.0, 132.0], [145.0, 131.0], [146.0, 130.0], [147.0, 129.0], [148.0, 128.0], [150.0, 127.0], [152.0, 126.0], [153.0, 125.0], [154.0, 124.0], [155.00000000000017, 123.00000000000011], [156.0, 122.0], [158.0, 121.0], [160.0, 120.0], [162.0, 118.0], [164.0, 116.0], [166.0, 115.0], [168.0, 114.0], [170.0, 113.0], [171.0, 112.0], [171.99999999999915, 111.00000000000003], [174.0, 110.0], [175.0, 109.0], [178.0, 108.0], [180.0, 106.0], [182.0, 105.0], [186.0, 104.0], [188.0, 103.0], [189.0, 102.0], [191.0, 101.0], [194.0, 100.0], [197.0, 99.0], [198.0, 98.0], [203.0, 97.0], [206.0, 96.0], [207.0, 95.0], [209.0, 94.0], [214.0, 93.0], [217.0, 92.0], [222.0, 91.0], [223.0, 90.0], [228.0, 89.0], [231.99999999999997, 87.99999999999999], [237.0, 87.0], [238.0, 86.0], [243.0, 85.0], [248.0, 84.0], [252.0, 83.0], [255.0, 82.0], [261.0, 81.0], [268.0, 80.0], [276.0, 79.0], [281.0, 78.0], [287.0, 77.0], [295.0, 76.0], [302.0, 75.0], [312.0, 74.0], [319.0, 73.0], [327.0, 72.0], [334.0, 71.0], [342.0, 70.0], [350.0, 69.0], [356.0, 68.0], [368.0, 67.0], [379.0, 66.0], [388.0, 65.0], [402.0, 64.0], [419.0, 63.0], [436.0, 62.0], [453.0, 61.0], [484.0, 60.0], [537.0, 59.0]]
