vars = 2025 ; constr = 90 
total_times_used = 28.64
size_Y_N = 130
Y_N = [[63.0, 385.0], [64.0, 369.0], [65.0, 352.0], [66.0, 340.0], [67.0, 330.0], [68.0, 311.0], [69.0, 302.0], [70.0, 290.0], [71.0, 280.0], [72.0, 270.0], [73.0, 263.0], [74.0, 255.0], [75.0, 249.0], [76.0, 237.0], [77.0, 232.0], [78.0, 227.0], [79.0, 221.0], [80.0, 219.0], [81.0, 210.0], [82.0, 206.0], [83.0, 200.0], [84.0, 196.0], [85.0, 193.0], [86.0, 189.0], [87.0, 185.0], [88.0, 183.0], [89.0, 179.0], [90.0, 178.0], [91.0, 176.0], [92.0, 172.0], [93.0, 170.0], [94.0, 166.0], [97.0, 163.0], [98.0, 162.0], [99.0, 161.0], [100.0, 159.0], [101.0, 157.0], [102.0, 156.0], [103.99999999999987, 153.99999999999983], [105.0, 153.0], [106.0, 151.0], [107.0, 150.0], [109.0, 148.0], [110.0, 147.0], [111.0, 146.0], [112.0, 145.0], [113.0, 144.0], [114.0, 142.0], [116.0, 141.0], [117.0, 139.0], [118.0, 138.0], [120.0, 137.0], [121.0, 136.0], [122.0, 135.0], [123.0, 134.0], [124.0, 133.0], [126.0, 131.0], [127.0, 130.0], [129.0, 128.0], [130.0, 127.0], [131.0, 126.0], [133.0, 125.0], [134.0, 124.0], [135.0, 123.0], [137.0, 122.0], [138.0, 121.0], [139.0, 120.0], [140.0, 119.0], [141.0, 118.0], [142.0, 117.0], [144.0, 116.0], [144.99999999999997, 114.99999999999994], [147.0, 114.0], [149.0, 113.0], [150.0, 112.0], [151.0, 111.0], [152.0, 110.0], [153.0, 109.0], [155.0, 108.0], [156.0, 107.0], [158.0, 106.0], [160.0, 105.0], [161.0, 104.0], [162.0, 103.0], [164.0, 102.0], [165.0, 101.0], [167.0, 100.0], [168.0, 99.0], [170.0, 98.0], [171.0, 97.0], [173.0, 96.0], [175.0, 95.0], [177.0, 93.0], [179.99999999999994, 92.0], [182.0, 91.0], [185.0, 89.0], [190.0, 87.0], [193.99999999999037, 86.0], [199.0, 84.0], [205.0, 83.0], [208.0, 82.0], [211.0, 81.0], [217.0, 80.0], [218.0, 79.0], [223.0, 78.0], [227.0, 77.0], [228.0, 76.0], [233.0, 75.0], [239.0, 74.0], [244.0, 73.0], [246.0, 72.0], [251.0, 71.0], [255.0, 70.0], [262.0, 69.0], [267.0, 68.0], [271.0, 67.0], [275.0, 66.0], [282.0, 65.0], [287.0, 64.0], [292.0, 63.0], [296.0, 62.0], [303.0, 61.0], [308.0, 60.0], [314.0, 59.0], [320.0, 58.0], [324.0, 57.0], [331.0, 56.0], [341.0, 55.0], [358.0, 54.0], [408.0, 53.0]]
