vars = 625 ; constr = 50 
total_times_used = 11.24
size_Y_N = 71
Y_N = [[55.0, 210.00000000000003], [56.0, 192.0], [57.0, 180.0], [59.0, 165.0], [59.99999999999994, 159.0], [61.0, 158.0], [62.0, 153.0], [63.0, 152.0], [64.0, 142.0], [66.0, 141.0], [67.0, 140.0], [68.0, 130.0], [70.0, 129.0], [71.0, 126.0], [72.0, 125.0], [73.0, 121.0], [74.0, 118.0], [75.0, 117.0], [76.0, 114.0], [77.0, 111.0], [78.0, 110.0], [80.00000000000047, 109.00000000000037], [81.0, 108.0], [81.99999999999999, 107.0], [83.0, 106.0], [84.0, 105.0], [85.0, 104.0], [87.0, 103.0], [88.0, 100.0], [89.0, 97.0], [90.0, 96.0], [91.0, 95.0], [92.0, 94.0], [94.0, 92.0], [96.0, 91.0], [97.0, 90.0], [99.0, 89.0], [101.0, 88.0], [103.0, 86.0], [103.99999999999993, 84.99999999999994], [106.0, 84.0], [108.0, 83.0], [109.0, 82.0], [110.0, 79.0], [112.00000000000033, 78.00000000000021], [117.0, 77.0], [119.0, 76.0], [120.0, 75.0], [122.0, 74.0], [124.0, 73.0], [125.0, 71.0], [127.0, 70.0], [129.0, 68.99999999999997], [134.0, 68.0], [135.0, 65.0], [142.0, 64.0], [144.0, 61.0], [152.0, 60.0], [154.0, 59.0], [155.0, 57.0], [165.0, 56.0], [167.0, 55.0], [172.0, 53.0], [181.0, 52.0], [184.0, 51.0], [187.0, 50.0], [197.0, 49.0], [199.0, 48.0], [209.0, 47.0], [221.0, 46.0], [239.0, 45.0]]
