vars = 2500 ; constr = 100 
total_times_used = 38.44
size_Y_N = 141
Y_N = [[58.0, 470.0], [59.0, 447.0], [60.0, 426.0], [61.0, 400.0], [62.0, 383.0], [63.0, 369.0], [64.0, 352.0], [65.0, 346.0], [66.0, 337.0], [67.0, 320.0], [68.0, 314.0], [69.0, 309.0], [70.0, 302.0], [71.0, 298.0], [72.0, 293.0], [73.0, 288.0], [74.0, 283.0], [75.0, 275.0], [76.0, 272.0], [77.0, 267.0], [78.0, 264.0], [79.0, 259.0], [80.0, 256.0], [81.0, 252.0], [82.0, 248.0], [83.0, 244.0], [84.0, 239.0], [85.0, 234.0], [86.0, 230.0], [87.0, 227.0], [88.0, 225.0], [89.0, 222.0], [90.0, 219.0], [91.0, 215.0], [91.99999999999615, 212.00000000001157], [93.0, 210.0], [94.0, 207.0], [95.0, 205.0], [96.0, 202.0], [97.0, 198.0], [98.0, 196.0], [99.0, 192.0], [100.0, 191.0], [101.0, 187.0], [103.0, 183.0], [105.0, 179.0], [106.0, 178.0], [107.0, 176.0], [107.99999999999902, 174.00000000000003], [109.0, 172.0], [111.0, 170.0], [112.0, 169.0], [113.0, 166.0], [114.0, 165.0], [115.0, 163.0], [117.0, 161.0], [118.0, 160.0], [120.0, 158.0], [121.0, 157.0], [122.0, 156.0], [123.0, 154.0], [125.0, 152.0], [126.0, 151.0], [128.0, 149.0], [129.00000000000068, 148.00000000000057], [130.0, 147.0], [131.0, 146.0], [132.0, 145.0], [133.0, 144.0], [134.0, 143.0], [136.0, 141.0], [137.0, 140.0], [138.0, 139.0], [140.0, 137.0], [141.0, 135.0], [143.0, 134.0], [145.0, 133.0], [146.0, 130.0], [148.0, 129.0], [150.0, 128.0], [151.0, 126.0], [154.0, 125.0], [155.0, 124.0], [157.0, 122.0], [162.0, 120.0], [165.0, 118.0], [167.0, 117.0], [170.0, 116.0], [172.0, 115.0], [173.0, 114.0], [178.0, 112.0], [181.0, 111.0], [184.0, 110.0], [186.0, 109.0], [189.0, 108.0], [192.0, 107.0], [194.0, 106.0], [197.0, 105.0], [201.0, 104.0], [204.0, 103.0], [206.0, 102.0], [209.0, 101.0], [210.99999999999918, 99.99999999999943], [215.0, 99.0], [217.0, 98.0], [219.0, 97.0], [222.0, 96.0], [228.0, 95.0], [229.0, 94.0], [232.0, 93.0], [236.9999999999997, 92.00000000000043], [240.0, 91.0], [244.0, 90.0], [247.0, 89.0], [250.0, 88.0], [255.0, 87.0], [259.0, 86.0], [262.0, 85.0], [265.0, 84.0], [271.0, 83.0], [277.0, 81.0], [284.0, 80.0], [292.0, 79.0], [299.0, 78.0], [303.0, 77.0], [307.0, 76.0], [313.0, 75.0], [320.0, 74.0], [329.0, 73.0], [336.0, 72.0], [344.0, 71.0], [353.0, 70.0], [362.0, 69.0], [373.0, 68.0], [380.0, 67.0], [396.99999999999994, 65.99999999999999], [411.0, 65.0], [428.0, 64.0], [446.0, 63.0], [467.0, 62.0], [503.0, 61.0]]
