vars = 625 ; constr = 50 
total_times_used = 16.17
size_Y_N = 84
Y_N = [[46.0, 266.0], [47.0, 252.0], [48.0, 240.0], [49.0, 234.0], [50.0, 229.0], [51.0, 222.0], [52.0, 216.0], [54.0, 211.0], [55.0, 205.0], [56.0, 199.0], [57.0, 193.0], [58.0, 191.0], [59.0, 186.0], [60.0, 181.0], [61.0, 179.0], [62.0, 178.0], [63.0, 171.0], [64.0, 165.0], [65.0, 163.0], [66.0, 161.0], [67.0, 157.0], [68.0, 155.0], [69.0, 152.0], [70.0, 146.0], [71.0, 144.0], [73.0, 140.0], [75.0, 137.0], [76.0, 133.0], [79.0, 130.0], [80.0, 129.0], [82.0, 125.0], [83.0, 123.0], [84.0, 121.0], [85.0, 118.0], [86.0, 117.0], [87.0, 116.0], [88.0, 112.0], [89.0, 110.0], [92.0, 108.0], [93.0, 107.0], [95.0, 102.0], [96.0, 100.0], [99.0, 98.0], [100.0, 97.0], [103.0, 96.0], [104.0, 95.0], [105.0, 93.0], [107.0, 91.0], [108.0, 89.0], [112.0, 88.0], [113.0, 87.0], [115.0, 86.0], [116.0, 84.99999999999996], [119.0, 83.0], [121.0, 82.0], [122.0, 80.0], [126.0, 79.0], [127.0, 77.0], [128.99999999999994, 76.00000000000011], [132.0, 75.0], [133.0, 74.0], [135.0, 73.0], [138.0, 71.0], [141.0, 68.0], [145.0, 67.0], [149.0, 66.0], [152.0, 64.0], [156.0, 63.0], [160.0, 62.0], [164.99999999999997, 61.00000000000005], [170.0, 60.0], [171.9999999999997, 59.00000000000046], [176.0, 57.0], [181.0, 56.0], [186.0, 55.0], [191.0, 54.0], [198.0, 53.0], [205.0, 52.0], [210.0, 51.0], [218.0, 50.0], [228.0, 49.0], [233.0, 48.0], [253.0, 46.0], [276.0, 45.0]]
