vars = 400 ; constr = 40 
total_times_used = 11.22
size_Y_N = 59
Y_N = [[35.0, 203.0], [36.0, 192.0], [37.0, 182.0], [38.0, 171.0], [39.0, 166.0], [40.0, 161.0], [41.0, 156.0], [43.0, 150.0], [44.0, 148.0], [45.0, 144.0], [46.0, 137.0], [48.0, 136.0], [49.0, 129.0], [51.0, 122.0], [53.0, 121.0], [54.0, 114.0], [57.0, 108.0], [60.0, 107.0], [62.0, 103.0], [63.0, 101.0], [64.0, 99.0], [65.0, 97.0], [66.0, 95.0], [67.0, 93.0], [68.0, 91.0], [69.0, 90.0], [72.0, 88.0], [73.0, 87.0], [74.0, 84.0], [75.0, 83.0], [77.0, 82.0], [78.0, 80.0], [79.0, 79.0], [80.0, 77.0], [82.0, 74.0], [87.0, 73.0], [90.0, 72.0], [91.0, 70.0], [92.0, 69.0], [94.0, 68.0], [95.0, 66.0], [95.99999999999969, 64.99999999999991], [97.0, 64.0], [99.0, 62.0], [100.0, 61.0], [105.0, 60.0], [106.0, 59.0], [108.0, 58.0], [113.0, 55.0], [115.0, 54.0], [121.0, 51.0], [123.0, 50.0], [130.0, 49.0], [132.0, 48.0], [140.0, 45.0], [140.99999999999997, 43.999999999999986], [148.0, 41.0], [149.0, 40.0], [167.0, 39.0]]
