vars = 2025 ; constr = 90 
total_times_used = 30.19
size_Y_N = 127
Y_N = [[62.0, 438.0], [63.0, 418.0], [64.0, 402.0], [65.0, 386.0], [66.0, 373.0], [67.0, 353.0], [68.0, 342.0], [69.0, 332.0], [70.0, 317.0], [71.0, 304.0], [72.0, 295.0], [73.0, 288.0], [74.0, 280.0], [75.0, 271.0], [76.0, 265.0], [77.0, 256.0], [78.0, 254.0], [79.0, 248.0], [80.0, 239.0], [81.0, 238.0], [82.0, 234.0], [83.0, 224.0], [84.0, 223.00000000000003], [85.0, 219.0], [86.0, 218.0], [87.0, 214.0], [88.0, 211.0], [89.0, 208.0], [90.0, 206.0], [91.0, 203.0], [92.0, 201.0], [93.0, 198.0], [94.0, 196.0], [95.0, 194.0], [96.0, 191.0], [97.0, 189.0], [98.0, 187.0], [99.0, 185.0], [100.0, 182.0], [101.0, 180.0], [102.0, 177.0], [103.0, 175.0], [104.0, 173.0], [105.0, 170.0], [106.0, 168.0], [107.0, 167.0], [109.0, 166.0], [110.0, 162.0], [111.0, 161.0], [112.0, 160.0], [113.0, 159.0], [115.0, 155.0], [117.0, 153.00000000000006], [119.0, 151.0], [120.0, 150.0], [121.0, 148.0], [122.0, 147.0], [123.0, 146.0], [124.0, 144.0], [125.0, 143.0], [126.0, 141.0], [128.0, 139.0], [129.0, 138.0], [131.0, 136.0], [132.0, 134.0], [134.0, 132.0], [135.0, 131.00000000000006], [136.0, 129.0], [138.0, 127.0], [140.0, 126.0], [142.0, 124.0], [143.0, 123.0], [144.0, 121.0], [146.0, 119.0], [150.0, 118.0], [151.0, 116.0], [154.0, 114.0], [156.0, 113.0], [157.0, 112.0], [158.0, 111.0], [158.999999999999, 110.00000000000001], [163.0, 108.0], [164.0, 106.0], [168.0, 105.0], [168.99999999999852, 103.99999999999997], [171.9999999999995, 102.99999999999979], [175.0, 101.0], [177.0, 100.0], [179.0, 99.0], [183.0, 98.0], [184.0, 97.0], [188.0, 95.0], [190.0, 94.0], [194.0, 93.0], [196.0, 92.0], [199.0, 90.0], [204.0, 89.0], [205.0, 88.0], [207.99999999999994, 86.99999999999999], [213.0, 86.0], [216.0, 85.0], [219.0, 84.0], [221.0, 83.0], [224.0, 82.0], [225.0, 81.0], [232.0, 80.0], [236.0, 79.0], [239.0, 78.0], [242.0, 77.0], [247.0, 76.0], [254.0, 75.0], [258.0, 74.0], [262.0, 73.0], [268.99999999999966, 72.0], [278.0, 71.0], [282.0, 70.0], [290.0, 69.0], [297.0, 68.0], [307.0, 67.0], [314.0, 66.0], [324.0, 65.0], [335.0, 64.0], [355.0, 63.0], [372.0, 62.0], [387.0, 61.0], [415.0, 60.0], [431.0, 59.0]]
