vars = 2500 ; constr = 100 
total_times_used = 43.33
size_Y_N = 152
Y_N = [[58.0, 436.0], [59.0, 420.0], [60.0, 411.0], [61.0, 401.0], [62.0, 391.0], [63.0, 383.0], [64.0, 375.0], [65.0, 367.0], [66.0, 363.0], [67.0, 358.0], [68.0, 351.0], [69.0, 345.0], [70.0, 339.0], [71.0, 333.0], [72.0, 325.0], [73.0, 321.0], [74.0, 318.0], [75.0, 310.0], [76.0, 307.0], [77.0, 302.0], [78.0, 298.0], [79.0, 295.0], [80.0, 290.0], [81.0, 285.0], [82.0, 284.0], [83.0, 279.0], [84.0, 273.0], [85.0, 271.0], [86.0, 267.0], [87.0, 264.0], [88.0, 260.0], [89.0, 254.0], [90.0, 252.0], [91.0, 248.0], [92.0, 244.0], [94.0, 238.0], [96.0, 235.0], [98.0, 229.0], [100.0, 224.0], [101.0, 223.0], [102.0, 222.0], [103.0, 220.0], [104.0, 218.0], [105.0, 214.0], [106.0, 213.0], [107.0, 209.0], [108.0, 208.0], [109.0, 207.0], [110.0, 206.0], [111.0, 203.0], [112.0, 200.0], [113.0, 198.0], [114.0, 196.0], [115.0, 193.0], [117.0, 191.0], [118.0, 189.0], [119.0, 186.0], [120.0, 183.0], [122.0, 180.0], [123.0, 178.0], [125.0, 175.0], [127.0, 172.0], [128.0, 170.0], [130.0, 169.0], [131.0, 167.0], [132.0, 166.0], [133.0, 163.0], [135.0, 162.0], [136.0, 160.0], [137.0, 159.0], [138.0, 158.0], [139.0, 157.0], [140.0, 154.0], [142.0, 153.0], [143.0, 151.0], [144.0, 150.0], [145.0, 149.0], [146.0, 146.0], [149.0, 144.0], [150.0, 143.0], [151.0, 141.0], [153.0, 138.0], [155.0, 137.0], [156.0, 136.0], [157.0, 135.0], [160.0, 133.0], [161.0, 130.0], [163.0, 129.0], [164.0, 127.0], [166.0, 126.0], [167.0, 125.0], [168.0, 124.0], [171.0, 122.0], [172.0, 119.0], [174.0, 118.0], [177.0, 116.0], [179.0, 115.0], [182.0, 114.0], [184.0, 113.0], [185.0, 112.0], [187.0, 111.0], [189.0, 110.0], [190.0, 109.0], [192.0, 108.0], [195.0, 107.0], [197.0, 106.0], [198.0, 105.0], [200.0, 104.0], [202.0, 103.0], [205.0, 102.0], [207.0, 101.0], [210.0, 100.0], [210.99999999999923, 99.0], [213.0, 98.0], [215.0, 97.0], [218.0, 96.0], [221.0, 95.0], [224.0, 94.0], [227.0, 93.0], [230.0, 92.0], [233.0, 91.0], [236.0, 90.0], [239.0, 89.0], [242.0, 88.0], [245.0, 87.0], [248.0, 86.0], [252.0, 85.0], [255.0, 84.0], [258.0, 83.0], [262.0, 82.0], [265.0, 81.0], [268.0, 80.0], [277.0, 79.0], [281.0, 78.0], [285.0, 77.0], [288.0, 76.0], [296.0, 75.0], [301.0, 74.0], [309.0, 73.0], [312.0, 72.0], [323.0, 71.0], [331.0, 70.0], [336.0, 69.0], [349.0, 68.0], [353.0, 67.0], [365.0, 66.0], [373.00000000000006, 65.0], [379.0, 64.0], [400.0, 63.0], [417.0, 62.0], [438.0, 61.0], [495.0, 60.0]]
