vars = 1600 ; constr = 80 
total_times_used = 28.25
size_Y_N = 133
Y_N = [[47.0, 397.0], [48.0, 356.0], [48.99999999999999, 344.9999999999999], [50.0, 337.0], [51.0, 327.0], [52.0, 321.0], [53.0, 311.0], [54.0, 300.0], [55.0, 294.0], [56.0, 284.0], [57.0, 278.0], [58.0, 273.0], [59.0, 269.0], [60.0, 265.0], [61.0, 261.0], [62.0, 256.0], [63.0, 251.0], [64.0, 246.0], [65.0, 242.0], [66.0, 238.0], [67.0, 234.0], [68.0, 231.0], [69.0, 227.0], [70.0, 225.0], [71.0, 222.0], [72.0, 219.0], [73.0, 216.0], [74.0, 212.0], [75.0, 209.0], [76.0, 207.0], [77.0, 204.0], [78.0, 202.0], [79.0, 198.0], [80.0, 197.0], [81.0, 194.0], [82.0, 191.0], [83.0, 189.0], [84.0, 186.0], [85.0, 184.0], [85.99999999999905, 181.9999999999976], [87.0, 178.0], [87.99999999999993, 176.9999999999998], [89.0, 176.0], [90.0, 172.0], [92.0, 170.0], [93.0, 169.0], [94.0, 166.0], [95.0, 165.0], [96.0, 162.0], [97.0, 160.0], [98.0, 159.0], [99.0, 158.0], [99.99999999999997, 156.99999999999994], [101.0, 155.0], [102.0, 154.0], [103.0, 151.0], [104.0, 150.0], [105.0, 149.0], [106.0, 148.0], [107.0, 146.0], [108.0, 145.0], [109.0, 143.0], [110.0, 142.0], [111.0, 141.0], [112.0, 140.0], [113.0, 138.0], [114.0, 137.0], [115.0, 136.0], [116.0, 135.0], [117.0, 134.0], [118.0, 133.0], [119.0, 131.0], [120.0, 130.0], [121.0, 129.0], [122.0, 128.0], [124.0, 126.0], [126.0, 125.0], [127.0, 124.0], [128.0, 123.0], [129.0, 122.0], [130.0, 121.0], [131.0, 119.0], [132.99999999999915, 117.99999999999996], [134.0, 116.0], [139.0, 115.0], [141.0, 113.0], [142.9999999999999, 111.00000000000074], [145.0, 110.0], [146.0, 108.0], [150.0, 107.0], [153.0, 106.0], [154.0, 105.0], [156.0, 103.0], [159.0, 102.0], [161.0, 101.0], [163.0, 100.0], [165.0, 98.0], [170.0, 97.0], [172.0, 96.0], [173.0, 95.0], [175.0, 94.0], [176.0, 93.0], [180.0, 92.0], [182.0, 90.0], [186.0, 89.0], [187.0, 88.0], [192.0, 86.0], [194.0, 85.0], [198.0, 84.0], [199.0, 83.0], [205.0, 81.0], [211.0, 80.0], [212.99999999999994, 78.99999999999997], [214.0, 78.0], [220.0, 76.0], [229.0, 74.0], [238.0, 73.0], [241.0, 72.0], [248.0, 71.0], [250.0, 70.0], [257.0, 69.0], [263.0, 68.0], [266.0, 67.0], [273.0, 66.0], [281.0, 65.0], [288.0, 64.0], [299.0, 63.0], [309.0, 62.0], [315.0, 61.0], [328.0, 60.0], [341.0, 59.0], [363.0, 58.0], [382.0, 57.0]]
