vars = 1600 ; constr = 80 
total_times_used = 28.28
size_Y_N = 136
Y_N = [[59.0, 438.0], [60.0, 411.0], [61.0, 390.0], [62.0, 386.0], [63.0, 375.0], [64.0, 365.0], [65.0, 360.0], [66.0, 346.0], [67.0, 339.0], [68.0, 331.0], [69.0, 324.0], [70.0, 317.0], [71.0, 309.0], [72.0, 304.0], [73.0, 297.0], [74.0, 296.0], [75.0, 284.0], [76.0, 276.0], [78.0, 264.0], [79.0, 263.0], [80.0, 258.0], [81.0, 251.0], [82.0, 245.0], [83.0, 241.0], [84.0, 239.0], [85.0, 234.0], [86.0, 233.0], [87.0, 226.0], [89.0, 220.0], [90.0, 217.0], [91.0, 214.0], [92.0, 210.0], [93.0, 206.0], [94.0, 202.0], [95.0, 199.0], [96.0, 195.0], [96.99999999999956, 192.0000000000013], [98.0, 190.0], [99.0, 187.0], [100.0, 186.0], [101.0, 182.0], [102.0, 180.0], [103.0, 176.0], [104.0, 174.0], [105.0, 173.0], [106.0, 169.0], [107.0, 168.0], [108.0, 163.0], [110.0, 160.0], [111.0, 158.0], [112.0, 155.0], [113.0, 153.0], [114.0, 152.0], [115.0, 150.0], [116.0, 149.0], [117.0, 146.0], [118.0, 144.0], [120.0, 143.0], [121.0, 141.0], [123.0, 140.0], [124.0, 137.0], [125.0, 135.0], [126.0, 133.0], [128.0, 132.0], [129.0, 130.0], [130.0, 129.0], [132.0, 128.0], [133.0, 126.0], [134.0, 125.0], [136.0, 124.0], [137.0, 122.0], [139.0, 121.0], [140.0, 120.0], [141.0, 119.0], [142.0, 118.0], [143.0, 117.0], [144.00000000000006, 116.00000000000006], [145.0, 115.0], [147.0, 113.0], [148.0, 112.0], [150.0, 111.0], [151.0, 109.99999999999999], [153.0, 108.0], [155.0, 107.0], [156.0, 106.0], [158.0, 105.0], [159.0, 104.0], [161.0, 102.0], [162.0, 101.0], [164.0, 100.0], [165.0, 99.0], [168.0, 98.0], [169.0, 97.0], [171.0, 96.0], [174.0, 94.0], [179.0, 93.0], [180.0, 92.0], [182.0, 91.0], [183.0, 90.0], [185.0, 89.00000000000001], [189.0, 88.0], [190.0, 87.0], [193.0, 86.0], [195.0, 85.0], [196.0, 84.0], [200.0, 83.0], [201.0, 82.0], [205.0, 81.0], [208.0, 80.0], [211.0, 79.0], [214.0, 78.0], [216.0, 77.0], [218.99999999999997, 75.99999999999999], [221.0, 75.0], [224.0, 74.0], [228.0, 73.0], [231.0, 72.0], [234.99999999999932, 71.00000000000058], [239.0, 70.0], [243.0, 69.0], [247.0, 67.0], [251.0, 66.0], [261.0, 65.0], [265.0, 64.0], [274.0, 63.0], [280.0, 62.0], [286.0, 61.0], [290.0, 60.0], [299.99999999999665, 59.00000000000051], [309.0, 58.0], [318.0, 57.0], [322.0, 56.0], [340.0, 55.0], [347.0, 54.0], [360.0, 53.0], [401.0, 52.0]]
