vars = 2025 ; constr = 90 
total_times_used = 28.36
size_Y_N = 115
Y_N = [[61.0, 390.0], [62.0, 329.0], [63.0, 297.0], [64.0, 294.0], [65.0, 285.0], [66.0, 273.0], [67.0, 266.0], [68.0, 258.0], [69.0, 254.0], [70.0, 247.0], [71.0, 245.0], [72.0, 240.0], [73.0, 231.0], [74.0, 229.0], [75.0, 224.0], [77.0, 219.0], [78.0, 218.0], [79.0, 213.0], [81.0, 208.0], [82.0, 206.0], [83.0, 202.0], [84.0, 200.0], [85.0, 196.0], [86.0, 195.0], [87.0, 192.0], [88.0, 190.0], [89.0, 188.0], [90.0, 186.0], [91.0, 181.0], [92.0, 179.0], [93.0, 177.0], [94.0, 175.0], [96.0, 172.0], [97.0, 170.0], [98.0, 168.0], [99.0, 166.0], [100.0, 165.0], [101.0, 163.0], [102.0, 161.0], [103.0, 159.0], [104.0, 156.0], [106.0, 154.0], [107.0, 151.0], [109.0, 147.0], [111.0, 145.0], [113.0, 143.0], [114.0, 140.0], [116.0, 139.0], [118.0, 136.0], [120.0, 135.0], [121.0, 133.0], [122.0, 130.0], [124.0, 129.0], [126.0, 128.0], [126.99999999999963, 125.99999999999832], [130.0, 124.0], [131.0, 120.0], [134.0, 119.0], [135.0, 118.0], [136.0, 117.0], [137.0, 116.0], [138.0, 115.0], [139.0, 114.0], [140.0, 112.0], [143.0, 111.0], [144.0, 110.0], [146.0, 108.0], [148.0, 106.0], [151.0, 105.0], [152.0, 103.0], [154.0, 102.0], [156.0, 100.0], [159.0, 98.0], [162.0, 97.0], [165.0, 96.0], [166.0, 95.0], [167.0, 94.0], [170.0, 93.0], [172.0, 92.0], [173.0, 91.0], [175.0, 90.0], [180.0, 89.0], [181.0, 87.0], [188.0, 86.0], [193.0, 85.0], [194.0, 84.0], [195.0, 83.0], [198.0, 82.0], [201.0, 81.0], [205.0, 80.0], [211.0, 79.0], [214.0, 78.0], [215.0, 77.0], [218.0, 76.0], [219.0, 75.0], [225.0, 74.0], [232.0, 73.0], [234.99999999999966, 71.99999999999997], [239.0, 71.0], [245.0, 70.0], [252.0, 69.0], [259.0, 68.0], [267.0, 67.0], [274.0, 66.0], [287.0, 65.0], [296.0, 64.0], [303.0, 63.0], [317.0, 62.0], [326.0, 61.0], [333.0, 60.0], [349.0, 59.0], [364.0, 58.0], [385.0, 57.0], [411.0, 56.0], [433.0, 55.0]]
