vars = 2500 ; constr = 100 
total_times_used = 38.37
size_Y_N = 144
Y_N = [[65.0, 447.0], [66.0, 420.0], [67.0, 400.0], [68.0, 387.0], [69.0, 367.0], [70.0, 355.0], [71.0, 337.0], [72.0, 326.0], [73.0, 316.0], [74.0, 311.0], [75.0, 305.0], [76.0, 297.0], [77.0, 289.0], [78.0, 285.0], [79.0, 281.0], [80.0, 276.0], [81.0, 272.0], [82.0, 268.0], [83.0, 264.0], [84.0, 260.0], [85.0, 258.0], [86.0, 254.0], [87.0, 251.0], [88.0, 248.0], [89.0, 245.0], [90.0, 242.0], [91.0, 238.0], [92.0, 235.0], [93.0, 232.0], [94.0, 229.0], [95.0, 226.0], [96.0, 224.0], [97.0, 221.0], [98.0, 220.0], [99.0, 217.0], [100.0, 215.0], [101.0, 214.0], [102.0, 210.0], [103.0, 207.0], [104.0, 205.0], [105.0, 202.0], [107.0, 198.0], [108.0, 197.0], [109.0, 195.0], [110.0, 192.0], [112.0, 188.0], [114.0, 186.0], [115.0, 184.0], [116.0, 182.0], [117.0, 180.0], [118.0, 178.0], [119.0, 177.0], [120.0, 176.0], [121.0, 174.0], [122.0, 172.0], [123.0, 169.0], [125.0, 167.0], [126.0, 165.0], [127.0, 164.0], [128.0, 162.0], [129.0, 161.0], [130.0, 158.0], [131.0, 157.0], [132.0, 155.0], [133.0, 154.0], [134.0, 153.0], [135.0, 150.0], [136.0, 148.0], [138.0, 146.0], [139.0, 145.0], [140.0, 142.0], [143.0, 139.0], [144.0, 138.0], [146.0, 137.0], [147.0, 135.0], [149.0, 134.0], [150.0, 132.0], [151.0, 131.0], [151.99999999999923, 129.0], [153.0, 128.0], [155.0, 125.0], [157.0, 123.0], [158.0, 122.0], [159.0, 121.0], [160.0, 120.0], [161.0, 119.0], [163.0, 118.0], [164.0, 117.0], [165.0, 116.0], [169.0, 115.0], [170.0, 114.0], [171.0, 113.0], [173.0, 112.0], [174.0, 111.0], [175.0, 110.0], [177.0, 109.0], [178.0, 108.0], [179.0, 107.0], [181.0, 106.0], [184.0, 105.0], [186.0, 104.0], [188.0, 103.0], [189.0, 102.0], [190.0, 101.0], [194.0, 100.0], [195.0, 99.0], [196.0, 98.0], [199.0, 97.0], [201.0, 96.0], [203.0, 94.0], [208.0, 93.0], [210.0, 92.0], [210.99999999999588, 91.0], [214.0, 89.0], [219.0, 88.0], [222.0, 87.0], [225.0, 85.0], [230.0, 84.0], [233.0, 83.0], [236.0, 82.0], [238.0, 81.0], [243.0, 80.0], [246.0, 79.0], [250.0, 78.0], [255.0, 77.0], [256.0, 76.0], [260.0, 75.0], [264.0, 74.0], [269.0, 73.0], [271.99999999999943, 71.99999999999984], [274.0, 71.0], [282.0, 70.0], [290.0, 69.0], [298.0, 68.0], [304.0, 67.0], [316.0, 66.0], [320.0, 65.0], [330.0, 64.0], [335.0, 63.0], [348.0, 62.0], [366.0, 61.0], [384.0, 60.0], [409.0, 59.0], [448.0, 58.0]]
