vars = 2025 ; constr = 90 
total_times_used = 32.86
size_Y_N = 143
Y_N = [[55.0, 429.0], [56.0, 410.0], [57.0, 398.0], [58.0, 381.0], [59.0, 370.0], [60.0, 362.0], [61.0, 359.0], [62.0, 351.0], [63.0, 340.0], [64.0, 334.0], [65.0, 329.0], [66.0, 322.0], [67.0, 316.0], [68.0, 308.0], [69.0, 301.0], [70.0, 296.0], [71.0, 289.0], [72.0, 283.0], [73.0, 277.0], [74.0, 271.0], [75.0, 269.0], [76.0, 265.0], [77.0, 259.0], [78.0, 257.0], [79.0, 253.0], [80.0, 250.0], [81.0, 246.0], [82.0, 240.0], [83.0, 238.0], [84.0, 235.0], [85.0, 231.0], [86.0, 230.0], [87.0, 225.0], [88.0, 223.0], [89.0, 220.0], [90.0, 216.0], [91.0, 214.0], [92.0, 210.0], [93.0, 208.0], [94.0, 206.0], [95.0, 202.0], [96.0, 198.0], [97.0, 196.0], [98.0, 193.0], [99.0, 190.0], [100.0, 186.0], [101.0, 183.0], [102.0, 182.0], [103.0, 181.0], [104.0, 179.0], [105.0, 176.0], [106.0, 174.0], [107.0, 173.0], [108.0, 171.0], [109.0, 170.0], [110.0, 168.0], [111.0, 165.0], [112.0, 164.0], [113.0, 162.0], [114.0, 159.0], [115.0, 157.0], [116.0, 156.0], [117.0, 155.0], [118.0, 153.0], [119.0, 151.0], [120.0, 149.0], [121.0, 147.0], [122.0, 145.0], [123.0, 144.0], [124.0, 142.0], [125.0, 141.0], [126.0, 139.0], [127.0, 137.0], [128.0, 135.0], [129.0, 133.0], [130.0, 132.0], [131.0, 130.0], [132.0, 129.0], [133.0, 127.0], [134.0, 126.0], [135.0, 124.0], [136.0, 123.0], [137.0, 121.0], [138.0, 120.0], [139.0, 118.0], [140.0, 116.0], [141.0, 115.0], [142.0, 113.0], [143.0, 112.0], [145.0, 110.0], [146.0, 108.0], [147.0, 107.0], [149.0, 105.0], [150.0, 104.0], [152.0, 103.0], [153.0, 102.0], [154.0, 101.0], [155.0, 100.0], [157.0, 99.0], [158.99999999999997, 97.99999999999997], [161.0, 97.0], [163.0, 96.0], [164.0, 95.0], [166.0, 94.0], [169.0, 93.0], [170.0, 92.0], [172.0, 91.0], [174.0, 90.0], [175.0, 89.0], [177.0, 88.0], [178.9999999999997, 86.99999999999997], [180.0, 86.0], [182.0, 85.0], [185.0, 84.0], [188.0, 83.0], [191.0, 82.0], [193.0, 81.0], [195.0, 80.0], [197.0, 79.0], [199.0, 78.0], [203.0, 77.0], [205.0, 76.0], [206.0, 75.0], [211.0, 74.0], [214.0, 72.0], [219.0, 71.0], [222.0, 70.0], [224.0, 69.0], [233.0, 68.0], [235.0, 67.0], [243.0, 66.0], [251.0, 65.0], [253.0, 64.0], [265.0, 63.0], [272.0, 62.0], [284.0, 61.0], [288.0, 60.0], [299.0, 59.0], [311.0, 58.0], [333.0, 57.0], [346.0, 56.0], [369.0, 55.0], [391.0, 54.0]]
