vars = 900 ; constr = 60 
total_times_used = 17.09
size_Y_N = 94
Y_N = [[42.0, 305.0], [43.0, 289.0], [44.0, 281.0], [45.0, 271.0], [46.0, 263.0], [47.0, 255.0], [48.0, 248.0], [49.0, 240.0], [50.0, 233.0], [51.0, 225.0], [52.0, 218.0], [53.0, 211.0], [54.0, 204.0], [55.0, 199.0], [56.0, 192.0], [59.0, 189.0], [60.0, 187.0], [61.0, 185.0], [62.0, 180.0], [63.0, 178.0], [64.0, 177.0], [65.0, 174.0], [67.0, 172.0], [68.0, 169.0], [69.0, 166.0], [70.0, 163.0], [71.0, 162.0], [72.0, 160.0], [73.0, 159.0], [74.0, 156.0], [75.0, 154.0], [76.0, 151.0], [77.0, 149.0], [79.0, 147.0], [80.0, 144.0], [81.0, 142.0], [83.0, 139.0], [85.0, 136.0], [86.0, 135.0], [87.0, 133.0], [88.0, 132.0], [89.0, 130.0], [90.0, 128.0], [91.0, 125.0], [93.0, 122.0], [95.0, 121.0], [96.0, 118.0], [98.0, 115.0], [101.0, 111.0], [101.9999999999998, 109.99999999999991], [104.0, 108.0], [106.0, 105.0], [108.0, 103.0], [112.0, 101.0], [114.0, 99.0], [117.0, 97.0], [121.0, 95.0], [123.0, 93.0], [127.0, 91.0], [132.0, 89.0], [133.0, 87.0], [140.0, 86.0], [141.0, 85.0], [142.0, 83.0], [143.0, 82.0], [148.0, 81.0], [149.0, 78.0], [153.0, 76.0], [159.0, 72.0], [166.0, 71.0], [168.0, 70.0], [171.0, 69.0], [173.0, 68.0], [175.0, 67.0], [177.0, 66.0], [184.0, 65.0], [190.0, 64.0], [192.0, 63.0], [193.0, 62.0], [195.0, 61.0], [206.0, 60.0], [209.0, 59.0], [210.0, 58.0], [224.0, 57.0], [232.0, 56.0], [237.0, 55.0], [238.99999999999994, 53.99999999999998], [244.0, 53.0], [252.0, 52.0], [261.0, 51.0], [276.0, 50.0], [280.0, 49.0], [298.0, 48.0], [319.0, 47.0]]
