vars = 2500 ; constr = 100 
total_times_used = 32.08
size_Y_N = 121
Y_N = [[55.0, 513.0], [56.0, 457.0], [57.0, 412.0], [58.0, 381.0], [59.0, 363.0], [60.0, 342.0], [60.99999999999999, 332.0], [62.0, 323.0], [63.0, 313.0], [63.999999999999986, 305.99999999999994], [65.0, 297.0], [66.0, 291.0], [67.0, 286.0], [68.0, 280.0], [69.0, 274.0], [70.0, 267.0], [71.0, 263.0], [72.0, 256.0], [73.0, 253.0], [74.0, 246.0], [75.0, 243.0], [76.0, 240.0], [77.0, 236.0], [78.0, 231.0], [79.0, 227.0], [80.0, 221.0], [81.0, 218.0], [82.0, 216.0], [83.0, 213.0], [84.0, 210.0], [85.0, 207.0], [86.0, 204.0], [87.0, 202.0], [88.0, 198.0], [89.0, 195.0], [90.0, 193.0], [91.0, 190.0], [92.0, 187.0], [94.0, 184.0], [95.0, 182.0], [96.0, 179.0], [97.0, 177.0], [98.0, 176.0], [99.0, 174.0], [100.0, 173.0], [101.0, 171.0], [102.0, 168.0], [104.0, 165.0], [105.0, 163.0], [106.0, 162.0], [107.0, 160.0], [108.0, 159.0], [109.0, 158.0], [110.0, 154.0], [112.0, 153.0], [113.0, 151.0], [114.0, 150.0], [115.0, 148.0], [116.0, 146.0], [117.0, 145.0], [118.0, 142.0], [120.0, 139.0], [121.0, 137.0], [125.0, 136.0], [126.0, 135.0], [127.0, 133.0], [127.99999999999808, 132.00000000000136], [130.0, 130.0], [132.0, 129.0], [133.0, 128.0], [136.0, 127.0], [137.0, 125.0], [140.0, 123.0], [142.0, 122.0], [145.0, 120.0], [146.0, 119.0], [147.0, 118.0], [150.0, 117.0], [152.0, 115.0], [154.0, 114.0], [155.0, 113.0], [157.0, 112.0], [161.0, 110.0], [162.0, 109.0], [164.0, 107.0], [168.0, 104.0], [172.0, 102.0], [178.0, 100.0], [182.0, 99.0], [183.0, 97.0], [189.0, 96.0], [190.0, 95.0], [194.0, 93.0], [198.0, 92.0], [204.0, 90.0], [210.0, 89.0], [212.0, 88.0], [217.0, 87.0], [219.0, 86.0], [223.0, 85.0], [229.0, 84.0], [236.0, 83.0], [239.0, 82.0], [245.0, 81.0], [251.0, 80.0], [256.0, 79.0], [259.0, 78.0], [263.0, 77.0], [273.0, 76.0], [275.0, 75.0], [285.0, 74.0], [295.0, 73.0], [305.0, 72.0], [320.0, 71.0], [333.0, 70.0], [343.0, 69.0], [355.0, 68.0], [370.0, 67.0], [387.0, 66.0], [410.0, 65.0], [450.0, 64.0]]
