vars = 1225 ; constr = 70 
total_times_used = 20.48
size_Y_N = 96
Y_N = [[54.0, 277.0], [55.0, 268.0], [56.0, 252.0], [57.0, 245.0], [58.0, 232.0], [59.0, 228.0], [60.0, 222.0], [61.0, 216.0], [62.0, 211.0], [63.0, 206.0], [64.0, 201.0], [65.0, 197.0], [66.0, 191.0], [69.0, 185.0], [70.0, 182.0], [72.0, 181.0], [73.0, 176.0], [74.0, 175.0], [76.0, 172.0], [77.0, 169.0], [78.0, 168.0], [79.0, 166.0], [80.0, 162.0], [81.0, 160.0], [83.0, 157.0], [84.0, 153.0], [87.0, 150.0], [88.0, 149.0], [89.0, 147.0], [90.0, 143.0], [91.0, 141.0], [93.0, 139.0], [94.0, 134.0], [97.0, 133.0], [98.0, 131.0], [99.0, 129.0], [101.0, 126.0], [102.0, 125.0], [104.0, 123.0], [106.0, 122.0], [107.0, 120.0], [109.0, 115.0], [111.0, 113.0], [112.0, 111.0], [114.0, 109.0], [118.0, 107.0], [120.0, 106.0], [122.0, 103.0], [123.0, 102.0], [126.0, 101.0], [128.0, 98.0], [131.0, 97.0], [132.0, 96.0], [133.0, 95.0], [135.0, 94.0], [137.0, 91.0], [140.0, 90.0], [142.0, 89.0], [144.0, 87.0], [145.0, 86.0], [145.9999999999999, 84.99999999999994], [148.0, 84.0], [149.0, 83.0], [152.0, 82.0], [153.0, 81.0], [153.99999999999676, 80.0], [155.0, 78.0], [160.0, 76.0], [161.0, 75.0], [167.0, 74.0], [168.0, 73.0], [170.0, 72.0], [173.0, 71.0], [177.0, 70.0], [180.0, 69.0], [183.0, 68.0], [185.0, 67.0], [189.0, 66.0], [192.0, 65.0], [197.0, 64.0], [199.0, 63.0], [209.0, 62.0], [212.0, 61.0], [217.0, 60.0], [219.0, 59.0], [228.0, 58.0], [232.0, 57.0], [236.0, 56.0], [243.0, 55.0], [245.0, 54.0], [255.0, 53.0], [259.0, 52.0], [272.0, 51.0], [285.0, 50.0], [308.0, 49.0], [342.0, 48.0]]
