vars = 2025 ; constr = 90 
total_times_used = 31.98
size_Y_N = 139
Y_N = [[53.0, 382.0], [54.0, 366.0], [55.0, 344.0], [56.0, 333.0], [57.0, 311.0], [58.0, 308.0], [59.0, 297.0], [60.0, 294.0], [61.0, 286.0], [62.0, 280.0], [63.0, 278.0], [64.0, 269.0], [65.0, 266.0], [66.0, 258.0], [67.0, 256.0], [68.0, 254.0], [69.0, 249.0], [70.0, 246.0], [71.0, 244.0], [72.0, 240.0], [73.0, 237.0], [74.0, 235.0], [75.0, 230.0], [76.0, 228.0], [77.0, 225.0], [78.0, 221.0], [79.0, 219.0], [80.0, 216.0], [81.0, 212.0], [82.0, 210.0], [83.0, 207.0], [84.0, 203.0], [86.0, 198.0], [87.0, 195.0], [88.0, 192.0], [89.0, 191.0], [90.0, 188.0], [92.0, 187.0], [93.0, 185.0], [94.0, 181.0], [95.0, 177.0], [98.0, 174.0], [99.0, 172.0], [100.0, 171.0], [101.0, 168.0], [104.0, 165.0], [105.0, 163.0], [106.0, 162.0], [108.0, 159.0], [110.0, 157.0], [111.0, 156.0], [112.0, 155.0], [113.0, 153.0], [115.0, 152.0], [116.0, 150.0], [117.0, 148.0], [118.0, 147.0], [119.0, 146.0], [120.0, 144.0], [122.0, 142.0], [123.0, 141.0], [123.99999999999984, 139.99999999999994], [125.0, 139.0], [126.0, 138.0], [127.0, 136.0], [128.0, 135.0], [130.0, 134.0], [131.0, 132.0], [132.0, 131.0], [133.0, 130.0], [134.0, 129.0], [135.0, 128.0], [135.9999999999999, 126.99999999999982], [137.0, 126.0], [138.0, 125.0], [139.0, 124.0], [140.0, 123.0], [141.0, 121.0], [144.0, 119.0], [145.0, 118.0], [147.0, 117.0], [148.0, 115.0], [149.0, 114.0], [151.0, 113.0], [152.0, 112.0], [153.0, 111.0], [154.0, 110.0], [156.0, 109.0], [157.0, 108.0], [158.0, 107.0], [160.0, 106.0], [161.0, 104.0], [163.0, 103.0], [164.0, 102.0], [166.0, 101.0], [168.0, 100.0], [171.0, 98.0], [171.99999999999997, 97.0], [174.0, 96.0], [175.99999999999818, 94.99999999999997], [178.0, 93.0], [181.0, 92.0], [182.0, 91.0], [185.0, 90.0], [188.0, 89.0], [189.0, 88.0], [192.0, 87.0], [194.0, 86.0], [196.0, 85.0], [199.0, 84.0], [202.0, 83.0], [203.0, 82.0], [205.0, 80.0], [208.0, 79.0], [214.0, 78.0], [216.0, 76.0], [223.0, 75.0], [224.0, 74.0], [227.0, 73.0], [231.0, 72.0], [231.9999999999993, 71.00000000000064], [235.0, 70.0], [239.0, 69.0], [243.0, 67.0], [252.0, 66.0], [255.0, 65.0], [259.0, 64.0], [264.0, 63.0], [273.0, 62.0], [274.0, 61.0], [281.0, 60.0], [286.0, 59.0], [295.0, 58.0], [310.9999999999995, 56.99999999999993], [318.0, 56.0], [334.0, 55.0], [358.0, 54.0], [384.0, 53.0], [419.0, 52.0]]
