vars = 2025 ; constr = 90 
total_times_used = 28.56
size_Y_N = 127
Y_N = [[56.0, 499.0], [57.0, 456.0], [58.0, 436.0], [59.0, 405.0], [60.0, 385.0], [61.0, 362.99999999999994], [62.0, 351.0], [63.0, 337.0], [64.0, 324.0], [65.0, 314.0], [66.0, 303.0], [67.0, 295.0], [68.0, 288.0], [69.0, 280.0], [70.0, 272.0], [71.0, 268.0], [72.0, 262.0], [73.0, 257.0], [74.0, 253.0], [75.0, 247.0], [76.0, 244.0], [76.9999999999992, 238.00000000000406], [78.0, 235.0], [79.0, 231.0], [80.0, 226.0], [81.0, 224.0], [82.0, 222.0], [83.0, 215.0], [84.0, 209.0], [86.0, 206.0], [87.0, 202.0], [88.0, 201.0], [89.0, 198.0], [90.0, 194.0], [91.0, 190.0], [92.0, 187.0], [93.0, 185.0], [94.0, 181.0], [95.0, 177.0], [97.0, 174.0], [98.0, 171.0], [99.0, 166.0], [101.0, 165.0], [102.0, 161.0], [103.0, 160.0], [104.0, 156.0], [106.0, 155.0], [107.0, 151.0], [108.0, 150.0], [109.0, 147.0], [110.0, 146.0], [111.0, 143.0], [112.0, 141.0], [114.0, 140.0], [115.0, 136.0], [117.0, 135.0], [118.0, 133.0], [119.0, 132.0], [120.0, 131.0], [121.0, 128.0], [122.0, 127.0], [124.0, 126.0], [125.0, 125.0], [126.0, 124.0], [127.0, 122.0], [128.0, 121.0], [129.0, 120.0], [131.0, 119.0], [132.0, 118.0], [133.0, 117.0], [135.0, 114.0], [137.0, 113.0], [138.0, 112.0], [139.0, 111.0], [141.0, 110.0], [142.0, 109.0], [144.0, 108.0], [145.0, 107.0], [146.0, 106.0], [148.0, 105.0], [150.0, 104.00000000000001], [152.0, 103.0], [153.0, 102.0], [154.0, 101.00000000000001], [155.9999999999999, 99.99999999999999], [157.0, 99.0], [159.0, 98.0], [161.0, 97.0], [163.0, 96.0], [165.0, 95.0], [167.0, 94.0], [169.0, 93.0], [171.0, 92.0], [173.0, 91.0], [176.0, 90.0], [177.0, 89.0], [179.0, 88.0], [182.0, 87.0], [186.0, 86.0], [188.0, 85.0], [192.0, 84.0], [195.0, 83.0], [201.0, 82.0], [206.0, 81.0], [208.0, 80.0], [212.0, 79.0], [219.0, 78.0], [223.0, 77.0], [229.0, 76.0], [235.0, 75.0], [240.0, 74.0], [249.0, 73.0], [252.0, 72.0], [260.0, 71.0], [265.0, 70.0], [274.0, 69.0], [281.0, 68.0], [292.0, 67.0], [299.0, 66.0], [312.9999999999977, 65.0], [325.0, 64.0], [337.0, 63.0], [352.0, 62.0], [365.0, 61.0], [379.0, 60.0], [411.0, 59.0], [443.0, 58.0]]
