vars = 2025 ; constr = 90 
total_times_used = 29.92
size_Y_N = 124
Y_N = [[66.0, 353.0], [67.0, 338.0], [68.0, 328.0], [69.0, 321.0], [70.0, 310.0], [71.0, 303.0], [72.0, 294.0], [73.0, 288.0], [74.0, 282.99999999999994], [75.0, 275.0], [76.0, 270.0], [77.0, 265.0], [78.0, 259.0], [79.0, 254.0], [80.0, 251.0], [81.0, 247.0], [82.0, 241.0], [83.0, 236.0], [84.0, 233.0], [85.0, 230.0], [86.0, 225.0], [87.0, 221.0], [88.0, 217.0], [88.99999999999486, 214.00000000001543], [91.0, 210.0], [92.0, 206.0], [93.0, 203.0], [94.0, 201.0], [95.0, 198.0], [96.0, 195.0], [97.0, 193.0], [98.0, 191.0], [99.0, 188.0], [100.0, 186.0], [101.0, 183.0], [102.0, 180.0], [103.0, 178.0], [104.0, 177.0], [105.0, 175.0], [106.0, 172.0], [107.0, 171.0], [108.0, 169.0], [109.0, 168.0], [110.0, 166.0], [111.0, 164.0], [112.0, 161.0], [113.0, 159.0], [115.0, 156.0], [116.0, 155.0], [117.0, 153.0], [118.0, 150.0], [119.0, 148.0], [121.0, 144.0], [123.0, 143.0], [124.0, 140.0], [126.0, 137.0], [128.0, 134.0], [130.0, 133.0], [132.0, 130.0], [134.0, 129.0], [135.0, 127.0], [135.9999999999999, 125.99999999999979], [137.0, 124.0], [139.0, 121.0], [141.0, 120.0], [142.0, 119.0], [143.0, 118.0], [145.0, 117.0], [147.0, 116.0], [148.0, 114.0], [150.0, 113.0], [152.0, 112.0], [154.0, 111.0], [155.0, 110.0], [156.0, 109.0], [157.0, 108.0], [159.0, 107.0], [160.0, 106.0], [162.00000000000003, 105.00000000000007], [164.0, 104.0], [165.0, 103.0], [166.9999999999997, 101.99999999999982], [168.0, 101.0], [170.0, 100.0], [172.0, 99.0], [174.0000000000004, 97.99999999999999], [176.0, 97.0], [177.0, 96.0], [179.0, 95.0], [181.0, 94.0], [184.0, 92.99999999999999], [186.0, 92.0], [190.0, 91.0], [192.0, 90.0], [194.0, 89.0], [196.0, 88.0], [199.0, 87.0], [201.0, 86.0], [204.0, 85.0], [205.0, 84.0], [208.0, 83.0], [213.0, 82.0], [215.0, 81.0], [218.0, 80.0], [224.0, 79.0], [227.0, 78.0], [230.0, 77.0], [230.99999999999986, 75.99999999999994], [237.0, 75.0], [240.0, 74.0], [244.0, 72.0], [250.0, 71.0], [254.0, 70.0], [260.0000000000173, 69.0], [269.0, 67.0], [282.0, 66.0], [291.0, 65.0], [304.0, 64.0], [316.0, 63.0], [332.0, 62.0], [358.0, 61.0], [378.0, 60.0], [394.0, 59.0], [421.0, 58.0]]
