vars = 625 ; constr = 50 
total_times_used = 13.65
size_Y_N = 67
Y_N = [[44.0, 297.0], [44.99999999999999, 249.0], [46.0, 235.0], [47.0, 231.0], [48.0, 213.0], [49.0, 202.0], [50.0, 185.0], [51.0, 178.0], [52.0, 167.0], [53.0, 160.0], [54.0, 158.0], [55.0, 151.0], [57.0, 144.0], [58.0, 143.0], [59.0, 142.0], [60.0, 134.0], [61.0, 133.0], [62.0, 132.0], [63.0, 128.0], [64.0, 126.0], [66.0, 123.0], [67.0, 117.0], [70.0, 113.0], [73.0, 112.0], [74.0, 106.0], [77.0, 102.0], [80.00000000000001, 101.0], [83.0, 97.0], [87.0, 96.0], [88.0, 94.0], [90.0, 92.0], [90.9999999999999, 90.99999999999997], [95.0, 87.0], [96.0, 86.0], [100.0, 85.0], [100.99999999999966, 83.99999999999986], [105.0, 80.0], [112.0, 79.0], [114.0, 77.0], [115.0, 76.0], [116.0, 75.0], [119.0, 73.0], [123.0, 72.0], [124.0, 71.0], [125.0, 70.0], [126.0, 68.0], [129.0, 66.0], [135.0, 65.0], [136.0, 64.0], [140.0, 63.0], [144.0, 62.0], [145.0, 59.0], [151.0, 58.0], [156.0, 57.0], [160.0, 54.0], [166.0, 53.0], [167.99999999999997, 51.99999999999999], [173.99999999996683, 50.0000000000083], [175.0, 49.0], [183.0, 47.0], [189.0, 46.0], [190.0, 45.0], [198.0, 43.0], [207.0, 42.0], [207.99999999999994, 40.999999999999986], [216.0, 39.0], [226.0, 37.0]]
