vars = 1600 ; constr = 80 
total_times_used = 25.04
size_Y_N = 116
Y_N = [[49.0, 387.0], [50.0, 360.0], [51.0, 338.0], [52.0, 322.0], [53.0, 310.0], [54.0, 297.0], [55.0, 285.0], [56.0, 276.0], [57.0, 270.0], [58.0, 265.0], [59.0, 264.0], [60.0, 260.0], [61.0, 254.0], [62.0, 251.0], [64.0, 247.0], [65.0, 242.0], [66.0, 241.0], [67.0, 236.0], [68.0, 233.0], [69.0, 228.0], [70.0, 222.0], [72.0, 218.0], [73.0, 215.0], [74.0, 212.0], [75.0, 209.0], [76.0, 206.0], [77.0, 201.0], [78.0, 197.0], [80.0, 193.0], [81.0, 191.0], [82.0, 187.0], [83.0, 186.0], [84.0, 182.0], [85.0, 179.0], [86.0, 178.0], [87.0, 175.0], [88.0, 172.0], [89.0, 169.0], [90.0, 168.0], [91.0, 167.0], [92.0, 165.0], [93.0, 163.0], [94.0, 161.0], [95.0, 158.0], [96.0, 155.0], [97.0, 154.0], [98.0, 152.0], [99.0, 150.0], [101.0, 149.0], [102.0, 146.0], [103.0, 145.0], [104.0, 143.0], [105.0, 141.0], [107.0, 139.0], [107.99999999999996, 137.99999999999994], [110.0, 135.0], [111.0, 133.0], [112.0, 132.0], [114.0, 131.0], [115.0, 129.0], [116.0, 128.0], [117.0, 126.0], [118.0, 125.0], [120.0, 123.0], [121.0, 121.0], [123.0, 119.0], [124.0, 117.0], [128.0, 115.0], [130.0, 114.0], [132.0, 113.0], [134.0, 112.0], [137.0, 111.0], [138.0, 110.0], [140.0, 108.0], [143.0, 106.0], [147.0, 105.0], [149.0, 103.0], [151.0, 101.0], [154.0, 100.0], [158.0, 99.0], [162.0, 97.0], [165.0, 96.0], [168.0, 95.0], [171.0, 94.0], [172.0, 93.0], [175.0, 92.0], [179.0, 91.0], [182.0, 90.0], [185.0, 89.0], [188.0, 88.0], [192.0, 87.0], [195.0, 86.0], [198.0, 85.0], [201.9999999999986, 84.0], [205.0, 83.0], [208.0, 82.0], [213.0, 81.0], [216.0, 80.0], [220.0, 79.0], [225.0, 78.0], [231.0, 77.0], [234.0, 76.0], [237.0, 75.0], [245.0, 74.0], [252.0, 73.0], [258.0, 72.0], [264.0, 71.0], [271.0, 70.0], [275.0, 69.0], [283.0, 68.0], [289.0, 67.0], [308.0, 66.0], [333.0, 65.0], [359.0, 64.0], [383.0, 63.0], [409.0, 62.0]]
