vars = 1225 ; constr = 70 
total_times_used = 23.09
size_Y_N = 118
Y_N = [[51.0, 321.0], [52.0, 310.0], [53.0, 295.0], [54.0, 284.0], [55.0, 281.0], [56.0, 276.0], [57.0, 265.0], [58.0, 254.0], [59.0, 250.99999999999994], [60.0, 243.0], [61.0, 240.0], [62.0, 233.0], [63.0, 229.0], [64.0, 222.0], [65.0, 218.0], [66.0, 214.0], [67.0, 209.0], [68.0, 207.0], [69.0, 203.00000000000003], [70.0, 199.0], [71.0, 194.0], [72.0, 191.0], [73.0, 190.0], [74.0, 187.0], [75.0, 184.0], [76.0, 182.0], [77.0, 180.0], [78.0, 178.0], [79.0, 175.0], [80.0, 172.0], [81.0, 169.0], [82.0, 168.0], [83.0, 165.0], [84.0, 164.0], [85.0, 162.0], [86.0, 161.0], [87.0, 160.0], [88.0, 157.0], [89.0, 156.0], [90.0, 153.0], [91.0, 152.0], [92.0, 149.0], [93.0, 148.0], [94.0, 147.0], [95.0, 144.0], [96.0, 143.0], [97.0, 141.0], [98.0, 140.0], [99.0, 137.0], [100.0, 136.0], [101.0, 133.0], [102.0, 132.00000000000003], [104.0, 131.0], [105.0, 129.0], [106.0, 125.0], [108.0, 123.0], [110.0, 120.0], [111.0, 119.0], [112.0, 116.0], [114.0, 114.0], [117.0, 112.0], [119.0, 111.0], [121.0, 108.0], [122.0, 105.0], [124.0, 103.0], [127.0, 102.0], [129.0, 101.0], [131.0, 99.0], [133.0, 96.0], [135.0, 95.0], [137.0, 93.0], [140.0, 92.0], [142.0, 91.0], [143.0, 90.0], [145.0, 89.0], [146.0, 88.0], [147.0, 87.0], [150.0, 86.0], [153.0, 85.0], [155.0, 84.0], [157.0, 83.0], [158.0, 82.0], [160.0, 81.0], [163.0, 80.0], [166.0, 79.0], [169.99999999999955, 77.99999999999987], [173.0, 77.0], [177.0, 76.0], [181.0, 75.0], [184.0, 74.0], [188.0, 73.0], [192.0, 72.0], [196.0, 71.0], [199.0, 70.0], [201.0, 69.00000000000001], [204.0, 68.0], [210.0, 67.0], [212.0, 66.0], [215.0, 65.0], [222.0, 64.0], [227.0, 63.0], [234.0, 62.0], [242.0, 61.0], [249.0, 60.0], [257.0, 59.0], [260.0, 58.0], [267.0, 57.0], [279.0, 56.0], [286.0, 55.0], [296.0, 54.0], [304.9999999999941, 53.00000000000081], [314.99999999999994, 52.0], [322.0, 51.0], [336.0, 50.0], [345.0, 49.0], [363.0, 48.0], [377.0, 47.0], [386.0, 46.0]]
