vars = 2500 ; constr = 100 
total_times_used = 33.6
size_Y_N = 124
Y_N = [[63.0, 467.0], [64.0, 435.0], [65.0, 407.0], [66.0, 393.0], [67.0, 381.0], [68.0, 361.0], [69.0, 350.0], [70.0, 331.0], [71.0, 327.0], [72.0, 313.0], [73.0, 301.0], [74.0, 297.0], [75.0, 294.0], [76.0, 282.0], [77.0, 277.0], [78.0, 275.0], [79.0, 268.0], [80.0, 263.0], [81.0, 258.0], [82.0, 251.0], [83.0, 246.0], [84.0, 242.0], [85.0, 236.0], [86.0, 231.0], [87.0, 227.0], [88.0, 222.0], [89.0, 217.0], [90.0, 213.0], [91.0, 207.0], [92.0, 201.0], [93.0, 197.0], [94.0, 194.0], [95.0, 192.0], [96.0, 186.0], [97.0, 183.0], [98.0, 178.0], [99.0, 173.0], [101.0, 168.0], [102.0, 164.0], [104.0, 161.0], [105.0, 157.0], [106.00000000000001, 156.00000000000009], [107.0, 154.0], [108.0, 153.0], [109.0, 152.0], [110.0, 147.0], [112.0, 143.0], [114.0, 141.0], [115.0, 139.0], [116.0, 137.0], [117.0, 134.0], [118.0, 133.0], [119.0, 132.0], [120.0, 130.0], [121.0, 129.0], [122.0, 128.0], [123.0, 127.0], [124.0, 126.0], [125.0, 125.0], [127.0, 123.0], [128.0, 122.0], [129.0, 121.0], [132.0, 120.0], [133.0, 119.0], [134.0, 118.0], [136.0, 117.0], [137.0, 116.0], [139.0, 114.0], [142.0, 113.0], [144.0, 112.0], [147.0, 111.0], [148.0, 110.0], [150.0, 109.0], [151.0, 108.0], [152.0, 107.0], [155.0, 106.0], [157.0, 105.0], [159.0, 104.0], [160.99999999999994, 103.0], [163.0, 102.0], [165.0, 101.0], [168.0, 100.0], [170.0, 99.0], [172.0, 98.0], [174.0, 97.0], [177.0, 96.0], [179.0, 95.0], [181.0, 94.0], [184.0, 93.0], [188.0, 92.0], [191.0, 91.0], [192.99999999999991, 90.00000000000027], [195.0, 89.0], [198.0, 88.0], [201.99999999999997, 87.00000000000001], [206.0, 86.0], [208.0, 85.0], [212.0, 84.0], [215.0, 83.0], [218.0, 82.0], [220.0, 81.0], [223.0, 80.0], [228.0, 79.0], [231.0, 78.0], [236.0, 77.0], [239.0, 76.0], [245.0, 75.0], [250.0, 74.0], [253.0, 73.0], [262.0, 72.0], [265.0, 71.0], [281.0, 70.0], [288.0, 69.0], [293.0, 68.0], [302.0, 67.0], [312.9999999999807, 65.99999999999999], [322.99999999998545, 65.00000000000149], [330.0, 64.0], [341.0, 63.0], [356.0, 62.0], [368.0, 61.0], [390.0, 60.0], [414.0, 59.0], [436.0, 58.0]]
