vars = 2025 ; constr = 90 
total_times_used = 34.24
size_Y_N = 146
Y_N = [[62.0, 455.0], [63.0, 427.0], [64.0, 408.0], [65.0, 391.0], [66.0, 378.0], [67.0, 361.0], [68.0, 350.0], [69.0, 343.00000000000006], [70.0, 332.0], [71.0, 324.0], [72.0, 315.0], [73.0, 308.0], [74.0, 300.0], [75.0, 295.0], [76.0, 288.0], [77.0, 282.0], [78.0, 278.0], [79.0, 272.0], [80.0, 266.0], [81.0, 262.0], [82.0, 257.0], [83.0, 251.0], [84.0, 247.0], [85.0, 242.0], [86.0, 239.0], [87.0, 234.0], [88.0, 231.0], [89.0, 226.0], [90.0, 224.0], [91.0, 219.0], [92.0, 216.0], [93.0, 211.0], [94.0, 209.0], [95.0, 205.0], [97.0, 201.0], [98.0, 198.0], [99.0, 194.0], [100.0, 191.0], [101.0, 186.0], [103.0, 184.0], [104.0, 181.0], [105.0, 178.0], [106.0, 176.0], [107.0, 175.0], [108.0, 173.0], [109.0, 170.0], [110.0, 169.0], [111.0, 165.0], [112.0, 164.0], [113.0, 161.0], [114.0, 160.0], [116.0, 159.0], [117.0, 157.0], [118.0, 156.0], [120.0, 155.0], [121.0, 154.0], [122.0, 153.0], [123.0, 152.0], [124.0, 150.0], [125.0, 149.0], [126.0, 148.0], [127.0, 147.0], [128.0, 146.0], [129.0, 145.0], [130.0, 144.0], [131.0, 143.0], [132.0, 142.0], [133.0, 141.0], [134.0, 140.0], [135.0, 138.0], [136.0, 137.0], [137.0, 136.0], [139.0, 134.0], [140.0, 133.0], [141.0, 132.0], [144.0, 131.0], [145.0, 130.0], [146.0, 129.0], [147.0, 128.0], [148.0, 127.0], [149.0, 126.0], [150.0, 125.0], [151.0, 124.0], [154.0, 123.0], [155.0, 122.0], [157.0, 121.0], [157.99999999999898, 120.0], [159.0, 119.0], [160.0, 118.0], [164.0, 117.0], [165.0, 116.0], [167.0, 115.0], [168.0, 114.0], [169.0, 113.0], [172.0, 112.0], [173.0, 111.0], [174.0, 110.0], [178.0, 109.0], [181.0, 108.0], [182.0, 107.0], [185.0, 106.0], [188.0, 105.0], [191.0, 104.0], [192.0, 103.0], [196.0, 102.0], [199.0, 101.0], [200.0, 100.0], [204.0, 99.0], [206.0, 98.0], [209.0, 97.0], [211.0, 96.0], [213.9999999999996, 94.99999999999987], [216.0, 94.0], [222.0, 93.0], [226.0, 92.0], [229.0, 91.0], [233.0, 90.0], [238.0, 89.0], [243.0, 88.0], [246.0, 87.0], [251.0, 86.0], [256.0, 85.0], [258.0, 84.0], [265.0, 83.0], [271.0, 82.0], [275.0, 81.0], [279.0, 80.0], [286.0, 79.0], [290.0, 78.0], [297.0, 77.0], [304.0, 76.0], [311.0, 75.0], [319.0, 74.0], [324.0, 73.0], [330.0, 72.0], [338.9999999999956, 71.0000000000006], [347.0, 70.0], [357.0, 69.0], [362.0, 68.0], [370.0, 67.0], [376.0, 66.0], [389.0, 65.0], [394.0, 64.0], [409.0, 63.0], [418.0, 62.0], [427.0, 61.0]]
