vars = 400 ; constr = 40 
total_times_used = 8.37
size_Y_N = 38
Y_N = [[39.0, 149.0], [41.0, 120.0], [43.0, 115.0], [44.0, 111.0], [46.0, 105.0], [47.0, 101.0], [49.0, 93.0], [50.99999999999999, 90.99999999999999], [52.0, 87.0], [54.0, 83.0], [57.0, 77.0], [60.0, 74.0], [63.0, 72.0], [64.0, 69.0], [66.0, 67.0], [69.0, 61.0], [75.0, 59.0], [82.0, 57.0], [84.0, 56.0], [89.0, 55.0], [92.0, 51.0], [97.0, 50.0], [107.0, 48.0], [107.99999999999987, 46.99999999999996], [112.99999999999945, 45.99999999999999], [125.0, 45.0], [126.0, 44.0], [128.0, 42.0], [144.0, 41.0], [145.0, 40.0], [146.0, 39.0], [161.0, 38.0], [163.0, 37.0], [166.0, 36.0], [179.0, 35.0], [182.0, 34.0], [209.0, 33.0], [212.0, 32.0]]
