vars = 2500 ; constr = 100 
total_times_used = 32.16
size_Y_N = 128
Y_N = [[58.0, 399.0], [59.0, 380.0], [60.0, 365.0], [61.0, 359.0], [62.0, 345.0], [63.0, 332.0], [64.0, 328.0], [65.0, 315.0], [66.0, 310.0], [67.0, 301.0], [68.0, 293.0], [69.0, 287.0], [70.0, 281.0], [71.0, 275.0], [72.0, 270.0], [73.0, 265.0], [74.0, 255.0], [75.0, 248.99999999999994], [76.0, 244.0], [77.0, 241.0], [78.0, 232.0], [79.0, 229.0], [80.0, 228.0], [81.0, 225.0], [82.0, 220.0], [84.0, 216.0], [85.0, 214.0], [87.0, 208.0], [88.0, 207.0], [89.0, 205.0], [90.0, 202.0], [91.0, 201.0], [92.0, 198.0], [93.0, 197.0], [94.0, 195.0], [95.0, 192.0], [96.0, 191.0], [97.0, 188.0], [98.0, 186.0], [99.0, 185.0], [100.0, 183.0], [101.0, 182.0], [102.0, 180.0], [103.0, 176.0], [103.9999999999998, 174.99999999999955], [105.0, 173.0], [107.0, 170.0], [108.0, 169.0], [109.0, 165.0], [111.0, 163.0], [112.0, 161.0], [113.0, 159.0], [114.0, 157.0], [116.0, 155.0], [117.0, 152.0], [118.0, 151.0], [120.0, 150.0], [121.0, 146.0], [123.0, 145.0], [124.0, 144.0], [125.0, 142.0], [126.0, 141.0], [127.0, 139.0], [128.0, 137.0], [129.0, 136.0], [130.0, 134.0], [132.0, 133.0], [134.0, 130.0], [136.0, 128.0], [138.0, 127.0], [140.0, 125.0], [142.0, 124.0], [143.0, 123.0], [145.0, 122.0], [146.0, 121.0], [146.99999999999014, 119.00000000000834], [149.0, 117.0], [152.0, 116.0], [154.0, 114.0], [155.0, 113.0], [157.0, 112.0], [158.0, 111.0], [160.0, 110.0], [162.0, 108.0], [164.0, 106.0], [168.0, 105.0], [169.0, 103.0], [170.0, 102.0], [172.0, 101.0], [175.0, 100.0], [178.0, 98.0], [182.0, 96.0], [184.0, 95.0], [187.0, 94.0], [189.0, 93.0], [192.0, 92.0], [193.0, 91.0], [195.0, 90.0], [198.0, 89.0], [203.0, 88.0], [204.0, 87.0], [206.0, 86.0], [209.0, 85.0], [214.0, 84.0], [216.0, 83.0], [220.0, 82.0], [226.0, 81.0], [230.0, 80.0], [233.0, 79.0], [240.0, 78.0], [243.0, 77.0], [246.0, 76.0], [252.9999999999973, 75.00000000000001], [256.0, 74.0], [271.0, 73.0], [274.0, 72.0], [285.0, 71.0], [290.0, 70.0], [303.0, 69.0], [309.0, 68.0], [319.0, 67.0], [334.0, 66.0], [346.0, 65.0], [362.0, 64.0], [376.0, 63.0], [402.0, 62.0], [453.0, 61.0], [535.0, 60.0]]
