vars = 2500 ; constr = 100 
total_times_used = 31.81
size_Y_N = 129
Y_N = [[60.0, 411.0], [61.0, 384.0], [62.0, 374.0], [63.0, 349.0], [64.0, 343.0], [65.0, 326.0], [66.0, 320.0], [67.0, 313.0], [68.0, 302.0], [69.0, 295.0], [70.0, 287.0], [71.0, 281.0], [72.0, 271.0], [73.0, 263.0], [74.0, 260.0], [75.0, 254.0], [76.0, 251.0], [77.0, 248.0], [78.0, 245.0], [79.0, 244.0], [80.0, 238.0], [81.0, 235.0], [82.0, 232.0], [83.0, 227.0], [84.0, 226.0], [85.0, 221.0], [86.0, 219.0], [87.0, 215.0], [88.0, 213.0], [89.0, 208.0], [90.0, 207.0], [91.0, 202.0], [92.0, 201.0], [93.0, 198.0], [94.0, 195.0], [95.0, 191.0], [96.0, 188.0], [97.0, 185.0], [98.0, 182.0], [99.0, 179.0], [100.0, 178.0], [101.0, 175.0], [102.0, 172.0], [103.0, 171.0], [104.0, 168.0], [105.0, 166.0], [106.0, 164.0], [107.0, 161.0], [108.0, 158.0], [110.0, 157.0], [111.0, 156.0], [112.0, 153.0], [113.0, 150.0], [115.0, 149.0], [116.0, 148.0], [117.0, 145.0], [118.0, 144.0], [119.0, 142.0], [121.0, 141.0], [122.0, 139.0], [123.0, 137.0], [126.0, 135.0], [128.0, 134.0], [129.0, 133.0], [130.0, 131.0], [132.0, 129.0], [133.0, 128.0], [136.0, 127.0], [137.0, 126.0], [139.0, 125.0], [140.0, 122.0], [141.0, 121.0], [143.0, 120.0], [144.0, 119.0], [147.0, 118.0], [147.99999999999915, 116.99999999999999], [150.0, 116.0], [151.0, 115.0], [154.0, 114.0], [156.0, 113.0], [157.0, 112.0], [159.0, 111.0], [160.0, 110.0], [161.0, 109.0], [166.0, 107.0], [168.0, 106.0], [169.0, 105.0], [171.0, 104.0], [173.0, 103.0], [176.0, 101.0], [179.0, 100.0], [183.0, 98.0], [186.0, 96.0], [191.0, 95.0], [194.0, 93.0], [199.0, 92.0], [204.0, 90.0], [207.0, 89.0], [212.0, 88.0], [216.0, 87.0], [218.0, 86.0], [225.0, 85.0], [230.0, 84.0], [233.0, 83.0], [234.0, 82.0], [241.0, 81.0], [246.0, 80.0], [255.0, 79.0], [262.0, 78.0], [266.9999999999999, 76.99999999999997], [272.0, 76.0], [279.0, 75.0], [284.0, 74.0], [294.0, 73.0], [302.99999999999727, 72.00000000000024], [312.0, 71.0], [321.0, 70.0], [330.0, 69.0], [340.0, 68.0], [348.0, 67.0], [359.0, 66.00000000000003], [367.0, 65.0], [378.0, 64.0], [389.0, 63.0], [400.0, 62.0], [415.0, 61.0], [436.0, 60.0], [451.99999999999955, 58.99999999999986], [465.0, 58.0]]
