vars = 1600 ; constr = 80 
total_times_used = 28.61
size_Y_N = 118
Y_N = [[49.0, 388.0], [50.0, 369.0], [51.0, 361.0], [52.0, 342.0], [53.0, 331.0], [54.0, 322.0], [55.0, 312.0], [56.0, 302.0], [57.0, 295.0], [58.0, 289.0], [59.0, 283.0], [60.0, 276.0], [61.0, 271.0], [62.0, 260.0], [63.0, 256.0], [64.0, 253.0], [65.0, 248.0], [66.0, 244.0], [67.0, 240.0], [68.0, 236.0], [69.0, 231.0], [70.0, 229.0], [71.0, 225.0], [72.0, 220.0], [73.0, 218.0], [74.0, 214.0], [75.0, 211.0], [76.0, 207.0], [77.0, 203.0], [78.0, 199.0], [79.0, 197.0], [80.0, 193.0], [81.0, 191.0], [82.0, 189.0], [83.0, 185.0], [84.0, 183.0], [85.0, 180.0], [86.0, 176.0], [87.0, 172.0], [88.0, 171.0], [89.0, 169.0], [90.0, 165.0], [91.0, 161.0], [92.0, 160.0], [93.0, 157.0], [95.0, 153.0], [96.0, 149.0], [98.0, 148.0], [99.0, 146.0], [100.0, 143.0], [102.0, 141.0], [103.0, 140.0], [104.0, 135.0], [106.0, 134.0], [107.0, 130.0], [109.0, 129.0], [110.0, 127.0], [112.0, 125.0], [113.0, 122.0], [115.0, 121.0], [116.0, 120.0], [117.0, 119.0], [118.0, 118.0], [119.0, 115.0], [121.0, 114.0], [123.0, 111.0], [125.0, 110.0], [128.0, 109.0], [129.0, 108.0], [130.0, 106.0], [134.0, 105.0], [135.0, 104.0], [137.0, 103.0], [138.0, 101.0], [141.0, 100.0], [142.0, 99.0], [146.0, 97.0], [149.0, 94.0], [152.0, 93.0], [153.0, 92.0], [156.0, 91.0], [159.0, 90.0], [159.99999999999997, 88.99999999999997], [163.0, 88.0], [164.0, 87.0], [166.0, 86.0], [168.0, 85.0], [170.0, 84.0], [174.0, 83.0], [175.0, 82.0], [177.0, 81.0], [178.99999999999955, 80.0], [181.0, 79.0], [183.0, 78.0], [188.9999999999451, 76.00000000001704], [191.0, 75.0], [199.0, 74.0], [206.0, 72.0], [208.0, 71.0], [213.0, 70.0], [219.0, 69.0], [223.0, 68.0], [228.0, 67.0], [234.0, 66.0], [238.0, 65.0], [241.0, 64.0], [249.0, 63.0], [257.0, 62.0], [265.0, 61.0], [275.0, 60.0], [286.0, 59.0], [296.0, 58.0], [307.0, 57.0], [318.9999999999997, 55.99999999999997], [331.0, 55.0], [343.0, 54.0], [357.0, 53.0], [394.0, 52.0]]
