vars = 1600 ; constr = 80 
total_times_used = 25.61
size_Y_N = 113
Y_N = [[59.0, 424.0], [60.0, 403.0], [61.0, 389.0], [62.0, 362.0], [63.0, 347.0], [64.0, 333.0], [65.0, 324.0], [66.0, 309.0], [67.0, 303.0], [68.0, 292.0], [69.0, 286.0], [70.0, 277.0], [71.0, 267.0], [72.0, 260.0], [73.0, 254.0], [74.0, 244.0], [75.0, 237.0], [76.0, 236.0], [77.0, 234.0], [78.0, 229.0], [79.0, 222.0], [80.0, 220.0], [81.0, 216.0], [82.0, 213.0], [83.0, 206.0], [84.0, 205.0], [85.0, 202.0], [86.0, 196.0], [87.0, 194.0], [88.0, 189.0], [89.0, 187.0], [90.0, 182.0], [91.0, 181.0], [92.0, 176.0], [93.0, 172.0], [94.0, 167.0], [96.0, 163.0], [97.0, 162.0], [98.0, 159.0], [99.0, 154.0], [101.0, 153.0], [102.0, 150.0], [103.0, 146.0], [104.0, 143.0], [105.0, 139.0], [105.99999999999997, 137.9999999999999], [108.0, 135.0], [109.0, 133.0], [111.0, 129.0], [113.0, 128.0], [114.0, 127.0], [115.0, 124.0], [116.0, 122.0], [117.0, 121.0], [119.0, 119.0], [120.0, 117.0], [120.99999999999976, 115.9999999999994], [122.0, 115.0], [122.99999999999979, 113.99999999999979], [124.0, 113.0], [125.0, 112.0], [126.0, 110.0], [127.0, 109.0], [129.0, 108.0], [130.0, 107.0], [131.0, 106.0], [132.0, 105.0], [134.0, 102.0], [138.0, 101.0], [140.0, 99.0], [142.0, 98.0], [145.0, 96.0], [146.0, 95.0], [149.0, 94.0], [151.0, 93.0], [152.0, 91.0], [154.0, 90.0], [158.0, 89.0], [158.99999999999991, 88.00000000000003], [162.0, 87.0], [165.0, 86.0], [167.0, 85.0], [168.0, 84.0], [172.0, 83.0], [174.0, 82.0], [177.0, 81.0], [182.0, 80.0], [183.0, 79.0], [186.99999999999994, 78.0], [192.0, 77.0], [195.0, 76.0], [196.0, 75.0], [201.0, 74.0], [206.0, 73.0], [208.0, 72.0], [213.0, 71.0], [218.0, 70.0], [223.0, 69.0], [227.0, 68.0], [233.0, 67.0], [242.0, 66.0], [247.0, 65.0], [254.0, 64.0], [261.0000000000001, 63.00000000000004], [267.0, 62.0], [274.0, 61.0], [283.0, 60.0], [292.0, 59.0], [304.0, 58.0], [315.0, 57.0], [328.0, 56.0], [341.0, 55.0], [361.0, 54.0]]
