vars = 2500 ; constr = 100 
total_times_used = 37.13
size_Y_N = 139
Y_N = [[56.0, 474.0], [57.0, 446.0], [58.0, 433.0], [59.0, 408.0], [60.0, 396.0], [61.0, 381.0], [62.0, 364.0], [63.0, 356.0], [64.0, 340.0], [65.0, 335.0], [66.0, 321.0], [67.0, 317.0], [68.0, 308.9999999999999], [69.0, 302.0], [70.0, 291.0], [72.0, 282.0], [73.0, 279.0], [74.0, 274.0], [76.0, 270.0], [77.0, 262.0], [79.0, 253.0], [80.0, 250.0], [81.0, 245.0], [83.0, 239.0], [84.0, 238.0], [85.0, 235.0], [86.0, 230.0], [87.0, 226.0], [88.0, 224.0], [89.0, 218.0], [91.0, 216.0], [92.0, 214.0], [93.0, 210.0], [95.0, 205.0], [96.0, 203.0], [97.0, 198.0], [99.0, 193.0], [100.0, 192.0], [101.0, 189.0], [102.0, 186.0], [104.0, 184.0], [105.0, 182.0], [106.0, 179.0], [107.0, 176.0], [109.0, 173.0], [110.0, 171.0], [111.0, 169.0], [113.0, 166.0], [114.0, 165.0], [115.0, 162.0], [116.0, 159.0], [117.0, 156.0], [119.00000000000003, 155.00000000000006], [123.0, 153.0], [124.0, 152.0], [125.0, 151.0], [126.0, 149.0], [127.0, 146.0], [129.0, 145.0], [130.0, 144.0], [131.0, 143.0], [132.0, 141.0], [134.0, 140.0], [135.0, 139.0], [137.0, 137.0], [138.0, 136.0], [139.0, 133.0], [142.0, 131.0], [144.0, 130.0], [145.0, 129.0], [146.0, 128.0], [148.0, 127.0], [149.0, 126.0], [151.0, 125.0], [152.0, 124.0], [154.0, 123.0], [156.0, 122.0], [157.0, 121.0], [159.0, 120.0], [160.0, 119.0], [162.0, 118.0], [164.0, 117.0], [165.0, 116.0], [167.0, 115.0], [169.0, 114.0], [170.0, 113.0], [172.0, 112.0], [173.0, 111.0], [175.0, 110.0], [176.0, 109.0], [177.99999999999957, 107.99999999999999], [180.0, 107.0], [181.0, 106.0], [183.0, 105.0], [186.0, 104.0], [188.0, 103.0], [189.0, 102.0], [192.0, 101.0], [194.0, 100.0], [195.0, 99.0], [197.0, 98.0], [201.0, 97.0], [203.0, 96.0], [204.0, 95.0], [206.0, 94.0], [210.0, 93.0], [213.0, 92.0], [215.0, 91.0], [217.0, 90.0], [221.0, 89.0], [223.0, 88.0], [226.0, 87.0], [228.0, 86.0], [232.0, 85.0], [234.0, 84.0], [240.0, 83.0], [242.0, 82.0], [245.00000000000023, 81.0000000000001], [249.0, 80.0], [251.0, 79.0], [257.0, 78.0], [259.0, 77.0], [265.0, 76.0], [272.0, 75.0], [274.0, 74.0], [281.0, 73.0], [288.0, 72.0], [290.0, 71.0], [298.0, 70.0], [304.0, 69.0], [309.0, 68.0], [324.0, 67.0], [336.0, 66.0], [349.0, 65.0], [363.0, 64.0], [374.0, 63.0], [391.0, 62.0], [412.0, 61.0], [445.0, 60.0]]
