vars = 1225 ; constr = 70 
total_times_used = 18.63
size_Y_N = 84
Y_N = [[53.0, 337.0], [54.0, 303.0], [55.0, 280.0], [56.0, 269.0], [57.0, 251.0], [58.0, 240.0], [59.0, 232.0], [60.0, 221.0], [60.999999999999986, 211.99999999999997], [62.0, 206.0], [63.0, 199.0], [64.0, 195.0], [65.0, 191.0], [66.0, 178.0], [67.0, 171.0], [68.0, 169.0], [69.0, 165.0], [70.0, 159.0], [71.0, 155.0], [72.0, 153.0], [74.0, 149.0], [75.0, 147.0], [77.0, 142.0], [78.0, 138.0], [79.0, 135.0], [80.0, 133.0], [81.0, 130.0], [82.0, 128.0], [84.0, 126.0], [85.0, 123.0], [86.0, 121.0], [87.0, 118.0], [90.0, 116.0], [91.0, 113.0], [93.0, 111.0], [95.0, 109.0], [96.0, 108.0], [98.0, 105.0], [100.0, 103.0], [101.0, 102.0], [105.0, 100.0], [106.0, 98.0], [107.0, 97.0], [111.0, 95.0], [112.0, 94.0], [114.0, 93.0], [115.0, 92.0], [117.0, 90.0], [120.0, 87.0], [124.0, 86.0], [124.99999999999758, 84.00000000000134], [126.0, 82.0], [130.0, 81.0], [132.0, 78.0], [141.0, 76.0], [142.0, 75.0], [144.99999999999892, 73.9999999999998], [149.0, 73.0], [154.0, 72.0], [156.0, 71.0], [161.0, 69.0], [165.0, 68.0], [169.0, 67.0], [173.0, 66.0], [177.0, 65.0], [184.0, 64.0], [188.0, 63.0], [192.0, 62.0], [198.0, 61.0], [207.0, 60.0], [212.0, 59.0], [218.0, 58.0], [222.0, 57.0], [228.99999999999997, 55.99999999999999], [238.0, 55.0], [244.0, 54.0], [249.0, 53.0], [253.0, 52.0], [264.0, 51.0], [268.0, 50.0], [281.0, 49.0], [295.0, 48.0], [310.0, 47.0], [333.0, 46.0]]
