vars = 100 ; constr = 20 
total_times_used = 5.9
size_Y_N = 21
Y_N = [[40.0, 76.0], [41.0, 72.0], [42.0, 58.0], [44.0, 57.0], [45.0, 55.0], [47.0, 54.0], [48.0, 53.0], [49.0, 47.0], [51.0, 45.0], [53.0, 44.0], [57.0, 40.0], [57.99999999999999, 38.99999999999999], [59.00000000000001, 38.0], [61.0, 37.0], [63.0, 36.0], [66.0, 30.0], [68.0, 29.0], [72.0, 27.0], [74.0, 26.0], [80.0, 24.0], [82.0, 23.0]]
