vars = 1225 ; constr = 70 
total_times_used = 22.07
size_Y_N = 113
Y_N = [[45.0, 313.0], [46.0, 285.0], [47.0, 279.0], [48.0, 273.0], [49.0, 264.0], [50.0, 261.0], [51.0, 255.0], [52.0, 246.0], [53.0, 242.0], [54.0, 234.0], [55.0, 230.0], [56.0, 224.0], [57.0, 215.0], [58.0, 212.0], [59.0, 209.0], [60.0, 208.0], [61.0, 205.0], [62.0, 201.0], [63.0, 200.0], [64.0, 194.0], [65.0, 192.0], [66.0, 188.0], [67.0, 184.0], [69.0, 179.0], [71.0, 174.0], [72.0, 173.0], [73.0, 169.0], [74.0, 168.0], [75.0, 164.0], [77.0, 159.0], [79.0, 157.0], [80.0, 154.0], [81.0, 152.0], [82.0, 151.0], [83.0, 150.0], [84.0, 147.0], [86.0, 144.0], [87.0, 143.0], [88.0, 142.0], [89.0, 140.0], [90.0, 137.0], [91.0, 136.0], [92.0, 135.0], [93.0, 134.0], [94.0, 130.0], [96.0, 128.0], [97.0, 127.0], [98.0, 126.0], [98.00000000000001, 124.99999999999999], [100.0, 121.0], [102.0, 120.0], [103.0, 119.0], [104.0, 116.0], [106.0, 115.0], [107.0, 112.0], [109.0, 111.0], [110.0, 110.0], [112.0, 107.0], [113.0, 106.0], [117.0, 105.0], [119.0, 102.0], [122.0, 99.0], [125.0, 98.0], [127.0, 97.0], [128.0, 96.0], [130.0, 95.0], [132.0, 93.0], [134.0, 92.0], [138.0, 91.0], [140.0, 89.0], [144.0, 87.0], [147.0, 86.0], [149.0, 85.0], [152.0, 84.0], [155.0, 83.0], [157.0, 82.0], [160.0, 81.0], [161.0, 80.0], [162.0, 79.0], [165.0, 78.0], [167.0, 77.0], [171.0, 76.0], [173.99999999999937, 74.99999999999966], [178.0, 74.0], [180.0, 73.0], [183.0, 72.0], [187.0, 71.0], [193.0, 70.0], [195.99999999999994, 68.99999999999983], [200.0, 68.0], [203.0, 67.0], [209.0, 66.0], [213.0, 65.0], [219.0, 64.0], [222.0, 63.0], [226.0, 62.0], [231.0, 61.0], [236.0, 60.0], [240.0, 59.0], [244.0, 58.0], [247.0, 57.0], [254.0, 56.0], [257.0, 55.0], [265.0, 54.0], [271.0, 53.0], [277.0, 52.0], [285.0, 51.0], [291.0, 50.0], [300.0, 49.0], [310.0, 48.0], [316.0, 47.0], [341.0, 46.0], [346.0, 45.0]]
