vars = 100 ; constr = 20 
total_times_used = 6.19
size_Y_N = 25
Y_N = [[29.0, 106.0], [30.0, 105.0], [31.0, 100.0], [31.999999999999947, 87.99999999999966], [33.0, 87.0], [34.0, 82.0], [36.0, 77.0], [38.0, 76.0], [39.0, 73.0], [40.0, 66.0], [45.0, 64.0], [46.0, 61.0], [47.0, 57.0], [48.0, 56.0], [50.0, 54.0], [52.0, 47.0], [61.0, 42.0], [63.99999999999932, 40.99999999999966], [70.0, 39.0], [72.0, 37.0], [73.0, 36.0], [82.0, 33.0], [84.0, 31.0], [93.0, 27.0], [102.0, 24.0]]
