vars = 225 ; constr = 30 
total_times_used = 6.01
size_Y_N = 24
Y_N = [[28.0, 139.0], [29.0, 123.0], [30.000000000000004, 113.00000000000003], [32.0, 111.0], [33.0, 94.0], [34.0, 93.0], [35.0, 87.0], [37.0, 78.0], [38.0, 75.0], [39.0, 69.0], [41.0, 68.0], [49.0, 67.0], [53.0, 66.0], [54.0, 63.0], [57.0, 61.0], [58.0, 58.0], [60.0, 55.0], [66.0, 50.0], [70.0, 46.0], [81.0, 45.0], [83.0, 41.0], [91.0, 39.0], [105.0, 38.0], [120.0, 37.0]]
