vars = 2025 ; constr = 90 
total_times_used = 32.62
size_Y_N = 144
Y_N = [[58.0, 411.0], [59.0, 390.0], [60.0, 371.0], [61.0, 360.0], [62.0, 348.0], [62.999999999999986, 336.99999999999994], [64.0, 333.0], [65.0, 326.0], [66.0, 321.0], [67.0, 306.0], [68.0, 302.0], [69.0, 295.0], [70.0, 291.0], [71.0, 284.0], [72.0, 279.0], [73.0, 265.0], [75.0, 261.0], [76.0, 254.0], [77.0, 249.0], [78.0, 245.0], [79.0, 244.0], [80.0, 238.0], [81.0, 237.0], [82.0, 234.0], [83.0, 231.0], [84.0, 230.0], [85.0, 226.0], [86.0, 224.0], [87.0, 221.0], [88.0, 219.0], [89.0, 217.0], [90.0, 214.0], [92.0, 210.0], [93.0, 209.0], [94.0, 207.0], [95.0, 204.0], [96.0, 203.0], [97.0, 200.0], [98.0, 199.0], [99.0, 196.0], [100.0, 195.0], [101.0, 193.0], [102.0, 191.0], [103.0, 190.0], [104.0, 186.0], [106.0, 183.0], [107.0, 182.0], [108.0, 181.0], [109.0, 179.0], [110.0, 177.0], [111.0, 175.0], [112.0, 174.0], [113.0, 172.0], [114.0, 169.0], [115.0, 168.0], [116.0, 166.0], [117.0, 165.0], [118.0, 164.0], [119.0, 162.0], [120.0, 160.0], [122.0, 158.0], [124.0, 157.0], [125.0, 155.0], [126.0, 153.0], [128.0, 151.0], [130.0, 149.0], [131.0, 147.0], [133.0, 145.0], [135.0, 144.0], [136.0, 142.0], [137.0, 141.0], [138.0, 140.0], [139.0, 139.0], [141.0, 137.0], [142.0, 135.0], [144.0, 134.0], [145.0, 132.0], [147.0, 130.0], [149.0, 128.0], [151.0, 126.0], [153.0, 125.0], [154.0, 124.0], [156.0, 122.0], [158.0, 121.0], [160.0, 119.0], [161.0, 118.0], [163.0, 117.0], [165.0, 116.0], [166.0, 115.0], [168.0, 113.0], [170.0, 112.0], [173.0, 111.0], [175.0, 109.0], [177.0, 108.0], [179.0, 107.0], [183.0, 106.0], [184.0, 105.00000000000003], [186.0, 104.0], [189.0, 103.0], [191.0, 102.0], [193.0, 101.0], [197.0, 100.0], [198.0, 99.0], [201.0, 98.0], [204.0, 97.0], [207.0, 96.0], [210.0, 95.0], [211.0, 94.0], [215.0, 93.0], [219.0, 92.0], [222.0, 91.0], [225.0, 90.0], [227.0, 89.0], [231.0, 88.0], [233.0, 87.0], [236.0, 86.0], [238.0, 85.0], [243.99999999997584, 84.0], [246.0, 83.0], [248.0, 82.0], [254.0, 81.0], [256.99999999999983, 79.99999999999989], [261.0, 79.0], [264.0, 77.99999999999999], [270.0, 77.0], [272.0, 76.0], [277.0, 75.0], [282.0, 74.0], [290.0, 73.0], [294.0, 72.0], [300.0, 71.0], [311.0, 70.0], [318.0, 69.0], [323.0, 68.0], [334.0, 67.0], [345.0, 66.0], [353.0, 65.0], [360.0, 64.0], [370.0, 63.0], [385.0, 62.0], [402.0, 61.0], [422.0, 60.0], [442.0, 59.0], [463.0, 58.0]]
