vars = 100 ; constr = 20 
total_times_used = 6.37
size_Y_N = 21
Y_N = [[39.0, 95.0], [40.0, 92.0], [44.0, 79.0], [47.0, 76.0], [49.0, 69.0], [51.0, 63.0], [54.0, 55.0], [60.0, 53.0], [64.0, 50.0], [65.99999999999997, 48.99999999999997], [69.0, 47.999999999999986], [73.0, 44.0], [77.0, 43.0], [84.0, 42.0], [86.0, 40.0], [88.0, 38.0], [96.0, 37.0], [100.0, 34.0], [107.0, 32.0], [123.0, 31.0], [150.0, 30.0]]
