vars = 1225 ; constr = 70 
total_times_used = 19.78
size_Y_N = 97
Y_N = [[52.0, 295.0], [53.0, 276.0], [54.0, 269.0], [55.0, 260.0], [56.0, 240.0], [57.0, 239.0], [58.0, 229.0], [59.0, 228.0], [60.0, 223.0], [60.00000000000001, 222.0], [61.0, 221.0], [62.0, 215.0], [63.0, 206.0], [64.0, 205.0], [65.0, 195.0], [67.0, 189.0], [68.0, 187.0], [69.0, 181.0], [70.0, 178.0], [71.0, 176.0], [72.0, 173.0], [73.0, 169.0], [74.0, 167.0], [75.0, 165.0], [76.0, 162.0], [78.0, 158.0], [79.0, 157.0], [80.0, 153.0], [82.0, 149.0], [83.0, 148.0], [84.0, 147.0], [85.0, 144.0], [86.0, 142.0], [88.0, 138.0], [89.0, 137.0], [90.0, 136.0], [91.0, 134.0], [92.0, 131.0], [93.0, 130.0], [94.0, 128.0], [95.0, 126.0], [96.0, 124.0], [97.0, 122.0], [98.0, 121.0], [99.0, 120.0], [100.0, 118.0], [101.0, 116.0], [102.0, 114.0], [103.0, 113.0], [105.0, 112.0], [107.0, 110.0], [109.0, 109.0], [110.0, 106.0], [111.0, 104.0], [112.0, 102.0], [113.0, 101.0], [115.0, 100.0], [118.0, 99.0], [119.0, 98.0], [120.0, 95.0], [123.0, 94.0], [125.0, 93.0], [127.0, 92.0], [131.0, 91.0], [132.0, 87.0], [135.9999999999997, 85.99999999999979], [141.0, 85.0], [143.0, 83.0], [146.0, 82.0], [147.0, 81.0], [149.0, 80.0], [150.0, 78.0], [155.0, 77.0], [157.0, 76.0], [161.0, 75.0], [164.0, 74.0], [165.0, 72.0], [169.0, 71.0], [170.0, 69.0], [176.0, 68.0], [180.0, 67.0], [187.0, 66.0], [191.0, 65.0], [195.0, 63.0], [201.0, 62.0], [205.0, 61.0], [214.0, 60.0], [216.99999999999966, 58.9999999999999], [224.0, 58.0], [228.0, 57.0], [238.0, 56.0], [240.0, 55.0], [256.0, 54.0], [265.0, 53.0], [279.0, 52.0], [295.0, 51.0], [326.0, 50.0]]
