vars = 20 ; constr = 2 
 # informations of B&B algorithm : 
total_times_used = 2.02 
total_nodes = 2653 
pruned_nodes = 1300 
GAP = 0.0 
relaxation_time = 1.59 
test_dominance_time = 0.0 
update_incumbent_time = 0.0 
tree_size = 7.077 
nb_nodes_EPB = 376 
nb_nodes_VB = 2276 
root_relax = false 
TO = false 

size_Y_N = 5
Y_N = [[294937.0, 1.224331e6], [336026.0, 1.177874e6], [348001.0, 1.072734e6], [348226.0, 970512.0], [349822.0, 968871.0]]

size_X_E = 5
