vars = 20 ; constr = 2 
 # informations of B&B algorithm : 
total_times_used = 1.57 
total_nodes = 2062 
pruned_nodes = 987 
GAP = 0.0 
relaxation_time = 0.97 
test_dominance_time = 0.0 
update_incumbent_time = 0.0 
tree_size = 4.791 
nb_nodes_EPB = 221 
nb_nodes_VB = 1840 
root_relax = false 

size_Y_N = 7
Y_N = [[307280.0, 256039.0], [308487.0, 250156.0], [309752.0, 246987.0], [334001.0, 242828.0], [335266.0, 239659.0], [335488.0, 236458.0], [349822.0, 167522.0]]

size_X_E = 7
X_E = [[0.0, 1.0, 0.0, 1.0, 0.0, 1.0, 0.0, 1.0, 0.0, 1.0, 0.0, 0.0, 1.0, 1.0, 1.0, 1.0, 1.0, 1.0, 1.0, 1.0], [0.0, 1.0, 0.0, 1.0, 1.0, 1.0, 0.0, 0.0, 0.0, 1.0, 0.0, 0.0, 0.0, 1.0, 1.0, 1.0, 1.0, 1.0, 1.0, 1.0], [0.0, 1.0, 0.0, 1.0, 1.0, 1.0, 0.0, 1.0, 0.0, 1.0, 0.0, 0.0, 0.0, 1.0, 1.0, 1.0, 1.0, 0.0, 1.0, 1.0], [1.0, 1.0, 0.0, 1.0, 0.0, 1.0, 0.0, 0.0, 0.0, 1.0, 0.0, 0.0, 0.0, 1.0, 1.0, 1.0, 1.0, 1.0, 1.0, 0.0], [1.0, 1.0, 0.0, 1.0, 0.0, 1.0, 0.0, 1.0, 0.0, 1.0, 0.0, 0.0, 0.0, 1.0, 1.0, 1.0, 1.0, 0.0, 1.0, 0.0], [1.0, 0.9999999999999983, 0.0, 1.0, 0.0, 1.0, 0.0, 1.0, 0.0, 0.9999999999999993, 0.0, 0.0, 0.0, 1.0, 1.0, 1.0, 1.0, 0.0, 1.0, 0.0], [1.0, 1.0, 0.0, 1.0, 0.0, 1.0, 0.0, 1.0, 0.0, 0.9999999999999999, 0.0, 0.0, 0.0, 1.0, 1.0, 1.0, 1.0, 0.0, 1.0, 0.0]]
