vars = 50 ; constr = 4 
 # informations of B&B algorithm : 
total_times_used = 3601.98 
total_nodes = 14405 
pruned_nodes = 2936 
GAP = 0.0 
relaxation_time = 3511.45 
test_dominance_time = 0.29 
update_incumbent_time = 48.72 
tree_size = 137.977 
nb_nodes_EPB = 0 
nb_nodes_VB = 14404 
root_relax = true 
TO = true 
rootLBS = 43 
LBSexhaustive = true 
 λ_strategy = 0 
 λ_min = 0 
 λ_max = 0 
λ_acc = 0.0 
total_time_cplex = 3265.5704135894775 
total_time_fusion = 0.0 
heur = false 
heur_time = 0.0 
mixed = false 
mixed2 = false 



 # ----------- info about cuts : 
ite_total = 14405 
cuts_applied = 1883 
sp_cuts = 571 
mp_cuts = 1312 
cuts_total = 1883 
times_calling_dicho = 3511.45 
times_calling_separators = 22.25 
times_oper_cutPool = 0.11 
times_total_for_cuts = 3598.61 
times_add_retrieve_cuts = 6.94 



size_Y_N = 127
Y_N = [[12274.75, 28851.75], [12423.0, 28677.75], [12447.0, 28591.75], [12652.5, 28543.75], [12715.5, 28530.75], [12753.5, 28431.75], [12884.0, 28220.0], [12971.5, 28166.75], [13034.5, 28153.75], [13066.0, 27965.75], [13145.75, 27926.25], [13324.75, 27899.0], [13459.5, 27787.0], [13482.0, 27626.0], [13529.75, 27623.75], [13616.75, 27514.0], [13626.25, 27332.25], [13640.0, 27321.5], [13973.5, 27302.0], [14041.5, 26933.0], [14144.75, 26894.0], [14204.5, 26752.0], [14236.0, 26574.75], [14293.0, 26505.75], [14361.75, 26479.0], [14419.75, 26376.5], [14498.75, 26293.75], [14528.5, 26213.75], [14532.0, 26161.75], [14545.0, 26089.25], [14650.75, 26031.25], [14661.75, 25896.75], [14668.75, 25859.25], [14724.75, 25859.0], [14729.75, 25813.75], [14742.75, 25741.25], [14791.75, 25715.25], [14863.75, 25692.5], [14906.25, 25593.0], [14927.25, 25457.25], [14959.0, 25451.0], [14971.0, 25413.25], [14978.0, 25335.0], [14983.75, 25330.5], [15063.5, 25320.0], [15106.0, 25220.25], [15208.75, 25105.75], [15211.25, 24922.5], [15214.75, 24887.25], [15219.25, 24825.5], [15354.0, 24804.75], [15364.75, 24621.25], [15485.75, 24544.0], [15498.0, 24365.25], [15592.0, 24270.0], [15653.0, 24195.0], [15687.5, 24049.75], [15767.5, 23830.25], [15770.75, 23795.75], [15794.25, 23723.5], [15817.5, 23694.0], [15825.5, 23683.75], [15865.25, 23541.0], [15916.5, 23534.5], [15947.0, 23511.0], [16026.5, 23486.0], [16109.75, 23326.75], [16115.5, 22992.0], [16164.0, 22843.0], [16205.25, 22791.5], [16242.5, 22661.0], [16291.0, 22518.75], [16337.25, 22486.5], [16379.5, 22431.75], [16462.5, 22199.25], [16533.5, 21938.75], [16554.0, 21684.75], [16594.25, 21635.0], [16622.0, 21560.0], [16631.0, 21508.75], [16670.0, 21467.25], [16689.5, 21409.25], [16782.0, 21328.75], [16827.5, 21208.5], [16830.75, 21158.75], [16840.0, 21139.75], [16876.5, 20964.75], [16890.25, 20867.5], [16954.5, 20811.0], [16955.0, 20734.25], [16964.25, 20685.5], [17003.75, 20673.0], [17068.25, 20592.5], [17152.0, 20473.0], [17163.25, 20174.5], [17175.75, 20133.25], [17226.5, 20114.5], [17290.25, 20098.75], [17348.75, 19851.0], [17388.25, 19838.5], [17403.25, 19293.0], [17477.5, 19289.5], [17492.0, 18884.0], [17517.5, 18668.0], [17546.5, 18638.25], [17569.5, 18572.0], [17638.75, 18540.25], [17654.75, 18499.75], [17681.0, 18174.25], [17702.25, 18132.5], [17788.25, 18040.25], [17807.75, 17982.25], [17904.75, 17753.25], [17912.0, 17630.75], [17918.0, 17428.5], [18011.0, 17348.0], [18020.0, 16820.25], [18028.5, 16784.25], [18088.5, 16578.25], [18095.5, 15940.5], [18097.25, 15919.0], [18114.5, 15891.0], [18146.75, 15864.5], [18217.5, 15684.75], [18228.25, 15464.5], [18250.5, 15046.75], [18276.0, 14170.0]]

