vars = 40 ; constr = 6 
 # informations of B&B algorithm : 
total_times_used = 702.27 
total_nodes = 8415 
pruned_nodes = 4208 
GAP = 0.0 
relaxation_time = 697.21 
test_dominance_time = 0.1 
update_incumbent_time = 0.69 
tree_size = 41.189 
nb_nodes_EPB = 0 
nb_nodes_VB = 8414 
root_relax = true 
TO = false 
rootLBS = 22 
LBSexhaustive = true 
 位_strategy = 0 
 位_min = 0 
 位_max = 0 
位_acc = 0.0 
total_time_cplex = 0.0 
total_time_fusion = 0.0 



 # ----------- info about cuts : 
ite_total = 8167 
cuts_applied = 1111 
sp_cuts = 958 
mp_cuts = 153 
cuts_total = 1111 
times_calling_dicho = 697.21 
times_calling_separators = 1.79 
times_oper_cutPool = 0.16 
times_total_for_cuts = 699.17 
times_add_retrieve_cuts = 0.42 



size_Y_N = 25
Y_N = [[14307.333333333336, 21336.66666666667], [14529.666666666668, 21260.66666666667], [14890.833333333334, 21221.66666666667], [14957.500000000002, 21107.66666666667], [15067.333333333336, 20871.66666666667], [15124.5, 20806.66666666667], [15241.333333333336, 20716.66666666667], [15319.166666666668, 20707.666666666668], [15407.5, 20456.66666666667], [15409.500000000004, 20336.66666666667], [15615.833333333336, 20307.66666666667], [15630.500000000002, 20086.66666666667], [15837.000000000002, 19932.666666666668], [15906.666666666668, 19566.83333333334], [15940.833333333334, 19454.500000000004], [15983.833333333336, 19411.666666666668], [15992.333333333336, 19360.333333333336], [16055.500000000004, 19231.16666666667], [16133.333333333334, 19222.16666666667], [16248.333333333334, 19098.833333333336], [16254.333333333336, 18771.5], [16428.333333333336, 18616.5], [16474.333333333336, 18072.666666666668], [16648.333333333336, 17917.666666666668], [16799.833333333336, 16995.0]]

