vars = 30 ; constr = 6 
 # informations of B&B algorithm : 
total_times_used = 367.31 
total_nodes = 5593 
pruned_nodes = 2797 
GAP = 0.0 
relaxation_time = 364.8 
test_dominance_time = 0.02 
update_incumbent_time = 0.09 
tree_size = 17.397 
nb_nodes_EPB = 0 
nb_nodes_VB = 5592 
root_relax = true 
TO = false 
rootLBS = 15 
LBSexhaustive = true 
 位_strategy = 0 
 位_min = 0 
 位_max = 0 
位_acc = 0.0 
total_time_cplex = 0.0 
total_time_fusion = 0.0 



 # ----------- info about cuts : 
ite_total = 5021 
cuts_applied = 75 
sp_cuts = 72 
mp_cuts = 3 
cuts_total = 75 
times_calling_dicho = 364.8 
times_calling_separators = 0.66 
times_oper_cutPool = 0.12 
times_total_for_cuts = 363.05 
times_add_retrieve_cuts = 0.37 



size_Y_N = 14
Y_N = [[8290.166666666668, 9119.333333333332], [8542.666666666668, 9099.333333333332], [8605.0, 9028.333333333332], [8632.833333333334, 8979.333333333332], [8655.666666666668, 8907.333333333332], [8672.833333333332, 8905.333333333332], [8751.5, 8884.333333333332], [8862.333333333334, 8867.333333333332], [8881.666666666668, 8773.333333333332], [8998.5, 8765.333333333332], [9042.0, 8756.333333333332], [9281.666666666666, 8695.33333333333], [9337.666666666666, 8573.33333333333], [9449.666666666666, 8468.33333333333]]

