vars = 20 ; constr = 2 
 # informations of B&B algorithm : 
total_times_used = 31.44 
total_nodes = 34565 
pruned_nodes = 20245 
GAP = 0.0 
relaxation_time = 24.63 
test_dominance_time = 0.1 
update_incumbent_time = 0.08 
tree_size = 105.612 
nb_nodes_EPB = 9074 
nb_nodes_VB = 25490 
root_relax = false 
TO = false 
rootLBS = 13 
LBSexhaustive = true 
 位_strategy = 0 
 位_min = 0 
 位_max = 0 
位_acc = 0.0 
total_time_cplex = 0.0 
total_time_fusion = 0.0 



 # ----------- info about cuts : 
ite_total = 34566 
cuts_applied = 7051 
sp_cuts = 6770 
mp_cuts = 281 
cuts_total = 7051 
times_calling_dicho = 24.63 
times_calling_separators = 0.7 
times_oper_cutPool = 0.25 
times_total_for_cuts = 27.74 
times_add_retrieve_cuts = 1.88 



size_Y_N = 14
Y_N = [[302888.0, 1.408912e6], [319025.0, 1.400097e6], [322194.0, 1.395802e6], [322614.0, 1.38816e6], [323824.0, 1.387327e6], [335476.0, 1.376445e6], [339178.0, 1.375225e6], [342347.0, 1.37093e6], [344278.0, 1.367823e6], [351613.0, 1.36763e6], [353801.0, 1.367256e6], [358484.0, 1.362115e6], [360415.0, 1.359008e6], [363283.0, 1.349345e6]]

size_X_E = 14
