vars = 210 ; constr = 210 
total_times_used = 8.52
size_Y_N = 26
Y_N = [[57.0, 126.0], [58.0, 124.0], [61.0, 119.0], [62.0, 113.0], [63.0, 109.0], [66.0, 107.0], [67.0, 104.0], [70.0, 102.0], [71.0, 101.0], [73.0, 95.0], [76.0, 94.0], [79.0, 90.0], [80.0, 86.0], [82.0, 84.0], [84.0, 83.0], [86.0, 82.0], [87.0, 81.0], [90.0, 79.0], [91.0, 77.0], [93.0, 75.0], [98.0, 74.0], [99.0, 73.0], [100.0, 71.0], [102.0, 69.0], [112.0, 67.0], [113.99999999999936, 65.9999999999996]]
