vars = 56 ; constr = 56 
total_times_used = 8.76
size_Y_N = 37
Y_N = [[673.0, 4709.0], [714.0, 4672.0], [763.0, 4383.0], [782.0, 4072.0], [823.0, 4035.0], [889.0, 3767.0], [930.0, 3730.0], [936.0, 3488.0], [1043.0, 3183.0], [1123.0, 3055.0], [1356.0, 2964.0], [1395.0, 2904.0], [1440.0, 2889.0], [1445.0, 2841.0], [1448.0, 2670.0], [1502.0, 2599.0], [1507.0, 2551.0], [1510.0, 2380.0], [1827.0, 2214.0], [1832.0, 2166.0], [1835.0, 1995.0], [2072.0, 1893.0], [2312.0, 1892.0], [2432.0, 1853.0], [2435.0, 1682.0], [2671.999999999999, 1579.9999999999998], [2899.999999999999, 1565.9999999999984], [3205.0, 1559.0], [3364.0, 1558.0], [3435.0, 1467.0], [3442.0, 1457.0], [3663.0, 1453.0], [3670.0, 1443.0], [3829.0, 1441.9999999999998], [4421.0, 1437.0], [4428.0, 1427.0], [4592.0, 1329.0]]
