vars = 42 ; constr = 42 
total_times_used = 4.38
size_Y_N = 17
Y_N = [[12.0, 41.0], [13.0, 39.0], [14.0, 35.0], [15.0, 34.0], [16.0, 29.0], [18.999999999999993, 26.999999999999996], [20.0, 26.0], [21.0, 25.0], [23.0, 24.0], [25.0, 23.0], [26.0, 22.0], [29.0, 21.0], [32.0, 20.0], [34.0, 19.0], [36.0, 18.0], [39.0, 17.0], [43.0, 16.0]]
