vars = 56 ; constr = 56 
total_times_used = 5.64
size_Y_N = 30
Y_N = [[13.0, 59.0], [14.999999999999996, 56.999999999999986], [17.0, 55.0], [18.0, 50.0], [20.0, 48.0], [23.0, 44.0], [25.0, 42.0], [28.0, 41.0], [29.0, 39.0], [30.000000000000014, 38.000000000000014], [31.0, 37.0], [32.0, 36.0], [34.0, 35.0], [35.0, 34.0], [36.0, 32.0], [37.0, 31.0], [38.0, 30.0], [41.0, 28.0], [43.0, 27.0], [44.0, 26.0], [45.0, 25.0], [46.0, 24.0], [47.0, 23.0], [49.0, 22.0], [51.0, 20.0], [52.0, 19.0], [53.0, 18.0], [57.0, 16.0], [59.0, 14.0], [60.0, 13.0]]
