vars = 42 ; constr = 42 
total_times_used = 3.94
size_Y_N = 15
Y_N = [[15.0, 49.0], [16.0, 48.0], [19.0, 40.0], [24.0, 33.0], [29.0, 30.000000000000007], [30.0, 28.0], [31.0, 26.0], [35.0, 25.0], [36.0, 22.999999999999996], [37.0, 21.0], [42.0, 20.0], [44.0, 18.0], [45.0, 16.0], [50.0, 15.0], [52.0, 14.0]]
