vars = 56 ; constr = 56 
total_times_used = 7.41
size_Y_N = 26
Y_N = [[9229.0, 11985.0], [9282.0, 11862.0], [9284.0, 11436.0], [9337.0, 11313.0], [9376.0, 11130.0], [9477.0, 11104.0], [9520.0, 11090.0], [9529.0, 10991.0], [9551.0, 10686.0], [9629.0, 10574.0], [9743.0, 10364.0], [9843.99999999998, 10362.99999999998], [10013.0, 10336.0], [10170.0, 10313.0], [10179.0, 10254.0], [10252.0, 10235.0], [10388.0, 10157.0], [10489.0, 10156.0], [10554.0, 10075.0], [10627.0, 10056.0], [10703.0, 9982.0], [10776.0, 9963.0], [11116.0, 9932.0], [11179.0, 9802.0], [11252.0, 9783.0], [12127.0, 9654.0]]
