vars = 42 ; constr = 42 
total_times_used = 4.1
size_Y_N = 14
Y_N = [[14.999999999999996, 36.999999999999986], [16.0, 33.0], [18.0, 29.0], [20.0, 27.0], [21.0, 26.0], [22.0, 24.0], [24.0, 22.0], [26.0, 20.0], [27.0, 19.0], [28.0, 18.0], [30.0, 16.0], [32.0, 14.0], [35.0, 13.0], [39.0, 12.0]]
