vars = 210 ; constr = 210 
total_times_used = 3.8
size_Y_N = 6
Y_N = [[22238.0, 26238.0], [23682.0, 24591.0], [24119.0, 23820.0], [24893.0, 23763.0], [25570.0, 23043.0], [26040.999999999167, 22966.99999999932]]
