vars = 56 ; constr = 56 
total_times_used = 7.86
size_Y_N = 30
Y_N = [[1802.0, 5001.0], [2026.0, 4991.0], [2048.0, 4765.0], [2165.0, 4621.0], [2227.0, 4163.0], [2450.999999999998, 4153.000000000002], [2473.0, 3927.0], [2551.0, 3768.0], [2719.0, 3598.0], [2800.0, 3503.0], [2965.0, 3362.0], [3043.0, 3203.0], [3214.0, 3097.0], [3292.0, 2938.0], [3552.0, 2835.0], [3628.0, 2829.0], [3636.0, 2728.0], [3807.0, 2622.0], [3885.0, 2463.0], [4152.99999999999, 2435.9999999999945], [4221.0, 2354.0], [4253.0, 2282.0], [4508.0, 2185.0], [4652.0, 2172.0], [4684.0, 2100.0], [4844.0, 2076.0], [4876.0, 2004.0], [5488.0, 1957.0], [5559.0, 1916.0], [5591.0, 1844.0]]
