vars = 56 ; constr = 56 
total_times_used = 3.87
size_Y_N = 13
Y_N = [[14.0, 48.0], [15.0, 39.0], [15.999999999999998, 35.0], [18.0, 33.99999999999999], [19.0, 30.0], [21.0, 29.0], [22.0, 27.0], [24.0, 26.0], [25.0, 25.0], [26.0, 23.0], [27.0, 22.0], [29.0, 21.0], [30.0, 20.0]]
