vars = 56 ; constr = 56 
total_times_used = 6.3
size_Y_N = 26
Y_N = [[8246.0, 11552.0], [8375.0, 11533.0], [8402.0, 11276.0], [8433.0, 10669.0], [8561.999999999998, 10649.999999999996], [8579.0, 10556.0], [8589.0, 10393.0], [8631.0, 10116.0], [8913.0, 10045.0], [8933.0, 9968.0], [8946.0, 9942.0], [9021.0, 9688.0], [9320.0, 9617.0], [9323.0, 9540.0], [9445.0, 9424.0], [9450.0, 9334.0], [9690.0, 9283.0], [9749.0, 9263.0], [9752.0, 9186.0], [9874.0, 9070.0], [10062.0, 9012.0], [10119.0, 8929.0], [10365.0, 8744.0], [11033.0, 8724.0], [11034.0, 8604.0], [11336.0, 8456.0]]
