vars = 42 ; constr = 42 
total_times_used = 5.26
size_Y_N = 20
Y_N = [[9.0, 54.0], [11.0, 53.0], [14.0, 52.0], [15.000000000000002, 48.000000000000014], [16.0, 45.0], [19.0, 44.0], [22.0, 40.0], [23.0, 38.0], [24.0, 36.0], [29.0, 33.0], [30.0, 31.0], [32.0, 30.0], [36.0, 28.0], [37.0, 26.0], [38.0, 25.0], [43.0, 23.0], [44.0, 21.0], [46.0, 20.0], [51.0, 18.0], [53.0, 17.0]]
