vars = 56 ; constr = 56 
total_times_used = 8.48
size_Y_N = 36
Y_N = [[7968.0, 11586.0], [7995.0, 11370.0], [8127.0, 11188.0], [8251.0, 11062.0], [8278.0, 10846.0], [8325.0, 10814.0], [8370.0, 10671.0], [8410.0, 10664.0], [8502.0, 10489.0], [8530.0, 10425.0], [8551.0, 10204.0], [8653.0, 10147.0], [8726.0, 10058.0], [8785.0, 9965.0], [8813.0, 9901.0], [8834.0, 9680.0], [9017.0, 9590.0], [9105.0, 9535.0], [9126.0, 9314.0], [9393.0, 9223.0], [9429.0, 9161.0], [9465.0, 9032.0], [9574.0, 8756.0], [9923.999999999953, 8683.99999999997], [9951.0, 8569.0], [10418.0, 8533.0], [10440.0, 8486.0], [10768.0, 8461.0], [10769.0, 8397.0], [10795.0, 8346.0], [11157.0, 8334.0], [11280.0, 8325.0], [11281.0, 8261.0], [11294.0, 8255.0], [11631.0, 8179.0], [12116.0, 8158.0]]
