vars = 42 ; constr = 42 
total_times_used = 4.04
size_Y_N = 15
Y_N = [[1154.0, 3559.0], [1157.0, 3237.0], [1182.0, 2719.0], [1185.0, 2397.0], [1241.0, 1726.0], [1369.9999999999998, 1682.0000000000002], [1401.0, 1502.9999999999998], [1530.0, 1459.0], [1737.0, 1457.0], [1768.0, 1278.0], [1897.0, 1234.0], [2200.0, 1210.0], [2317.0, 1033.0], [2749.0, 965.0], [2867.0, 939.0]]
