vars = 156 ; constr = 156 
total_times_used = 4.32
size_Y_N = 8
Y_N = [[18784.0, 23913.0], [19498.999999999996, 22869.999999999993], [20176.0, 22776.0], [20639.0, 22199.0], [21190.0, 21428.0], [22389.0, 20489.0], [22628.0, 19520.0], [22644.0, 19323.0]]
