vars = 42 ; constr = 42 
total_times_used = 4.55
size_Y_N = 15
Y_N = [[7416.0, 8418.0], [7491.0, 8171.0], [7650.999999999985, 8045.999999999986], [7949.0, 7946.0], [8109.0, 7821.0], [8158.0, 7764.0], [8183.0, 7760.0], [8318.0, 7639.0], [8343.0, 7635.0], [8367.0, 7628.0], [8616.0, 7539.0], [8776.0, 7414.0], [8825.0, 7403.0], [9034.0, 7221.0], [9492.0, 6996.0]]
