vars = 110 ; constr = 110 
total_times_used = 3.63
size_Y_N = 5
Y_N = [[17272.0, 18409.0], [18359.0, 18025.0], [19584.9999999992, 17874.000000000102], [19904.0, 16849.0], [21029.0, 15069.0]]
