vars = 210 ; constr = 210 
total_times_used = 4.34
size_Y_N = 8
Y_N = [[80.0, 128.0], [81.99999999999997, 126.99999999999997], [83.0, 122.0], [85.0, 121.0], [87.0, 105.0], [89.0, 93.0], [121.0, 91.0], [139.0, 90.0]]
