vars = 42 ; constr = 42 
total_times_used = 3.66
size_Y_N = 11
Y_N = [[6678.0, 8791.0], [6779.0, 8690.0], [6822.999999999993, 8246.999999999989], [7127.0, 8047.0], [7356.0, 7965.0], [7576.0, 7597.0], [8238.0, 7574.0], [8258.0, 7556.0], [8498.0, 7480.0], [8654.0, 7343.0], [8994.0, 7258.0]]
