vars = 72 ; constr = 72 
total_times_used = 15.34
size_Y_N = 79
Y_N = [[967.0, 4998.0], [991.0, 4994.0], [993.0, 4651.0], [1011.0, 4142.0], [1048.0, 3850.0], [1086.0, 3663.0], [1124.0, 3465.0], [1187.0, 3361.0], [1279.0, 3183.0], [1325.0, 3162.0], [1327.0, 3045.0], [1390.0, 2941.0], [1460.0, 2922.0], [1480.0, 2880.0], [1482.0, 2763.0], [1545.0, 2659.0], [1561.0, 2620.0], [1659.0, 2524.0], [1688.0, 2468.0], [1714.0, 2455.0], [1716.0, 2338.0], [1843.0, 2186.0], [1875.0, 2164.0], [1920.0, 2142.0], [1960.0, 2088.0], [1992.0, 2066.0], [2037.0, 2044.0], [2061.0, 1968.0], [2093.0, 1946.0], [2138.0, 1924.0], [2178.0, 1870.0], [2210.0, 1848.0], [2255.0, 1826.0], [2302.0, 1789.0], [2318.0, 1787.0], [2334.0, 1767.0], [2350.0, 1765.0], [2379.0, 1745.0], [2395.0, 1715.0], [2427.0, 1693.0], [2432.0, 1677.0], [2467.0, 1667.0], [2512.0, 1617.0], [2536.0, 1569.0], [2568.0, 1547.0], [2613.0, 1525.0], [2653.0, 1471.0], [2685.0, 1449.0], [2730.0, 1427.0], [2766.0, 1424.0], [2801.0, 1414.0], [2808.0, 1409.0], [2840.0, 1387.0], [2870.0, 1316.0], [2902.0, 1294.0], [2947.0, 1272.0], [2964.0, 1192.0], [3009.0, 1170.0], [3113.0, 1148.0], [3155.0, 1114.0], [3219.0, 1112.0], [3236.0, 1032.0], [3281.0, 1010.0], [3354.0, 980.0], [3427.0, 954.0], [3476.0, 944.0], [3521.0, 922.0], [3625.0, 900.0], [3635.0, 888.0], [3661.0, 871.0], [3667.0, 866.0], [3693.0, 827.0], [3797.0, 805.0], [3834.0, 754.0], [3866.0, 732.0], [3970.0, 710.0], [4074.0, 707.0], [4106.0, 685.0], [4253.999999999998, 670.9999999999999]]
