vars = 110 ; constr = 110 
total_times_used = 4.78
size_Y_N = 15
Y_N = [[3684.0, 8551.0], [3725.999999999988, 7709.999999999995], [3945.0, 7562.0], [4130.0, 7143.0], [4309.0, 7059.0], [4349.0, 6995.0], [4507.0, 6973.0], [4514.0, 6933.0], [4528.0, 6911.0], [4539.0, 6905.0], [4551.0, 5569.0], [4713.0, 4634.0], [5728.0, 4192.0], [7997.0, 3998.0], [8220.0, 3869.0]]
