vars = 56 ; constr = 56 
total_times_used = 3.66
size_Y_N = 11
Y_N = [[1017.0, 3109.0], [1024.0, 3078.0], [1055.0, 2683.0], [1067.0, 2325.0], [1104.9999999999975, 1898.9999999999905], [1238.9999999999955, 1652.9999999999948], [1293.0, 1468.0], [1409.0, 1422.0], [1416.0, 1391.0], [2211.0, 1383.0], [2327.0, 1337.0]]
