vars = 56 ; constr = 56 
total_times_used = 4.96
size_Y_N = 16
Y_N = [[8123.0, 10121.0], [8163.0, 10028.0], [8211.0, 9523.0], [8251.0, 9430.0], [8377.0, 9398.0], [8407.0, 9385.0], [8447.0, 9292.0], [8464.999999999995, 8799.999999999993], [8661.0, 8662.0], [9181.0, 8459.0], [9225.0, 8316.0], [9459.0, 8314.0], [9523.0, 8232.0], [9925.0, 8194.0], [10159.0, 8192.0], [10223.0, 8110.0]]
