vars = 56 ; constr = 56 
total_times_used = 8.64
size_Y_N = 30
Y_N = [[2488.0, 5811.0], [2558.9999999999977, 5500.999999999996], [2595.0, 5472.0], [2757.0, 5220.0], [2800.0, 5006.0], [2824.0, 4654.0], [3006.0, 4567.0], [3030.0, 4215.0], [3195.0, 3969.0], [3336.0, 3782.0], [3477.0, 3611.0], [3755.0, 3483.0], [3867.0, 3426.0], [3896.0, 3312.0], [4100.0, 3178.0], [4125.0, 3149.0], [4453.0, 3068.0], [4515.0, 2964.0], [4519.0, 2879.0], [4544.0, 2850.0], [4765.0, 2827.0], [4885.0, 2808.0], [5033.0, 2694.0], [5053.0, 2659.0], [5076.0, 2635.0], [5101.0, 2606.0], [5223.0, 2554.0], [5610.0, 2415.0], [5700.0, 2337.0], [5908.0, 2321.0]]
