vars = 210 ; constr = 210 
total_times_used = 3.36
size_Y_N = 4
Y_N = [[21680.0, 24440.999999999996], [21683.0, 23683.0], [22665.99999999978, 22770.999999999796], [25016.0, 21832.0]]
