vars = 42 ; constr = 42 
total_times_used = 5.76
size_Y_N = 20
Y_N = [[842.0, 2417.0], [881.0, 1954.0], [949.0, 1877.0], [1195.0, 1692.0], [1220.0, 1390.0], [1288.0, 1313.0], [1506.0, 1175.0], [1543.0, 1145.0], [1574.0, 1098.0], [1611.0, 1068.0], [1856.0, 1064.0], [1893.0, 1034.0], [1965.0, 1005.0], [2020.0, 850.0], [2057.0, 820.0], [2228.9999999999995, 814.9999999999998], [2266.0, 785.0], [2411.0, 757.0], [2656.0, 753.0], [2693.0, 723.0]]
