vars = 56 ; constr = 56 
total_times_used = 5.41
size_Y_N = 21
Y_N = [[8271.0, 12083.0], [8313.0, 11193.0], [8380.0, 11156.0], [8414.0, 10682.0], [8452.0, 10413.0], [8509.0, 10130.0], [8553.0, 9902.0], [8629.0, 9801.0], [8695.0, 9583.0], [8771.0, 9482.0], [8859.0, 9291.0], [8934.99999999999, 9189.999999999987], [9099.0, 9054.0], [9101.0, 8981.0], [9177.0, 8880.0], [9341.0, 8744.0], [9601.0, 8736.0], [9765.0, 8600.0], [9972.0, 8565.0], [10038.999999999925, 8527.999999999925], [10136.0, 8429.0]]
