vars = 110 ; constr = 110 
total_times_used = 3.76
size_Y_N = 6
Y_N = [[18917.0, 20012.0], [18935.0, 19764.0], [19647.000000000015, 19150.000000000015], [19783.0, 19128.0], [19885.0, 18794.0], [21118.0, 17994.0]]
