vars = 56 ; constr = 56 
total_times_used = 4.72
size_Y_N = 18
Y_N = [[8723.0, 10186.0], [8743.999999999998, 9722.999999999998], [8795.0, 9479.0], [8805.0, 9100.0], [8815.0, 8791.0], [9261.0, 8776.0], [9310.0, 8756.0], [9320.0, 8724.0], [9571.0, 8602.0], [9608.0, 8586.0], [9966.0, 8486.0], [10003.0, 8470.0], [10449.0, 8455.0], [10461.0, 8451.0], [10498.0, 8435.0], [10831.0, 8376.0], [10868.0, 8360.0], [11314.0, 8345.0]]
