vars = 156 ; constr = 156 
total_times_used = 4.36
size_Y_N = 8
Y_N = [[20724.0, 22610.0], [21214.0, 21453.0], [21736.0, 21073.0], [21889.99999999738, 20739.000000005697], [22811.0, 19844.0], [23150.0, 19536.0], [23687.0, 19110.0], [24162.0, 18154.0]]
