vars = 210 ; constr = 210 
total_times_used = 4.12
size_Y_N = 7
Y_N = [[22817.0, 26931.0], [23112.999999999985, 26122.999999999985], [23698.0, 25332.0], [24648.0, 24767.0], [24723.0, 24056.0], [24940.0, 23214.0], [26145.0, 22832.0]]
