vars = 110 ; constr = 110 
total_times_used = 3.68
size_Y_N = 9
Y_N = [[16083.0, 21226.0], [16810.0, 20391.0], [17844.0, 19117.0], [18230.0, 18893.0], [18760.99999999989, 18621.999999999905], [19478.0, 17694.0], [19488.999999999938, 17629.99999999995], [20416.0, 16732.0], [21912.0, 14178.0]]
