vars = 210 ; constr = 210 
total_times_used = 5.19
size_Y_N = 18
Y_N = [[75.0, 104.0], [76.0, 97.0], [77.0, 93.0], [79.0, 90.0], [80.0, 89.0], [81.0, 85.0], [83.0, 82.0], [84.0, 81.0], [85.0, 79.0], [86.0, 78.0], [87.0, 75.0], [88.0, 74.0], [89.0, 71.0], [92.0, 70.0], [92.99999999999989, 67.99999999999993], [94.0, 66.0], [98.0, 63.0], [105.0, 62.0]]
