vars = 110 ; constr = 110 
total_times_used = 5.2
size_Y_N = 14
Y_N = [[61.0, 102.0], [62.0, 98.0], [64.0, 95.0], [65.0, 93.0], [66.0, 91.0], [68.0, 71.0], [69.0, 69.0], [70.0, 64.0], [74.99999999999928, 61.999999999999794], [77.0, 51.0], [89.0, 48.0], [109.0, 46.0], [115.0, 44.0], [117.0, 43.0]]
