vars = 42 ; constr = 42 
total_times_used = 3.49
size_Y_N = 16
Y_N = [[13.0, 36.0], [14.0, 35.0], [15.0, 32.0], [15.999999999999998, 30.999999999999996], [18.0, 30.0], [19.0, 29.0], [20.0, 27.0], [21.0, 25.0], [22.0, 24.0], [23.0, 22.0], [26.0, 21.0], [28.0, 20.0], [29.0, 18.0], [30.0, 17.0], [33.0, 16.0], [37.0, 15.0]]
