vars = 56 ; constr = 56 
total_times_used = 5.46
size_Y_N = 35
Y_N = [[16.0, 62.0], [17.0, 61.0], [17.999999999999993, 59.99999999999998], [19.0, 57.0], [20.0, 55.0], [21.0, 54.0], [22.0, 53.0], [23.0, 52.0], [24.0, 50.0], [25.0, 49.0], [27.0, 48.0], [28.0, 46.0], [29.0, 45.0], [30.0, 44.00000000000001], [31.0, 43.0], [32.0, 41.0], [33.0, 40.0], [35.0, 39.0], [37.0, 37.0], [38.0, 36.000000000000014], [39.0, 35.0], [40.0, 34.00000000000001], [40.999999999999986, 33.000000000000014], [43.0, 31.0], [45.0, 29.0], [48.0, 27.0], [50.0, 26.0], [51.0, 24.0], [53.0, 23.0], [54.0, 22.0], [55.0, 21.0], [57.0, 20.0], [58.0, 19.0], [59.0, 18.0], [68.0, 17.0]]
