vars = 210 ; constr = 210 
total_times_used = 3.47
size_Y_N = 6
Y_N = [[25047.0, 26494.0], [25111.999999999858, 26320.999999999847], [25566.0, 25789.0], [25589.0, 25303.0], [26231.0, 24867.0], [27270.99999998147, 23879.000000017597]]
