vars = 110 ; constr = 110 
total_times_used = 3.53
size_Y_N = 7
Y_N = [[17393.0, 19399.0], [17690.0, 19132.0], [18399.0, 17822.0], [19309.0, 17461.0], [19469.999999999996, 17438.999999999996], [20433.0, 17136.0], [20826.0, 16484.0]]
