vars = 110 ; constr = 110 
total_times_used = 3.6
size_Y_N = 6
Y_N = [[45.0, 77.0], [52.0, 74.0], [53.0, 70.0], [60.0, 58.0], [69.99999999999434, 54.00000000005942], [88.0, 52.0]]
