vars = 110 ; constr = 110 
total_times_used = 3.83
size_Y_N = 6
Y_N = [[16441.0, 19061.0], [16997.0, 18024.0], [17441.0, 16827.0], [17778.0, 16133.0], [17959.99999999994, 16029.99999999995], [19761.0, 15532.0]]
