vars = 156 ; constr = 156 
total_times_used = 6.35
size_Y_N = 18
Y_N = [[50.0, 139.0], [52.0, 128.0], [53.0, 127.0], [57.0, 121.0], [58.0, 120.0], [60.0, 107.0], [61.0, 99.0], [64.0, 93.0], [69.0, 88.0], [82.0, 68.0], [94.99999999999999, 66.99999999999999], [112.0, 66.0], [113.0, 65.0], [116.0, 64.0], [117.0, 61.0], [120.0, 60.0], [125.0, 58.0], [126.0, 57.0]]
