vars = 210 ; constr = 210 
total_times_used = 8.34
size_Y_N = 19
Y_N = [[55.999999999999986, 107.99999999999999], [59.0, 101.0], [60.0, 93.0], [68.0, 92.0], [69.0, 90.0], [71.0, 83.0], [81.0, 82.0], [82.0, 80.0], [84.0, 78.0], [86.0, 77.0], [87.0, 75.0], [89.0, 74.0], [91.0, 73.0], [92.0, 68.0], [97.0, 66.0], [103.0, 65.0], [105.0, 63.0], [109.0, 62.0], [118.0, 61.0]]
