vars = 110 ; constr = 110 
total_times_used = 3.92
size_Y_N = 8
Y_N = [[17164.0, 20189.0], [17210.999999999964, 20097.99999999994], [17494.99999999986, 20092.99999999984], [17724.0, 19790.0], [18241.0, 19174.0], [18337.0, 18251.0], [18726.0, 18074.0], [19324.0, 17576.0]]
