vars = 42 ; constr = 42 
total_times_used = 5.55
size_Y_N = 19
Y_N = [[7799.0, 11704.0], [7824.0, 11191.0], [7847.0, 10611.0], [7895.0, 9725.0], [7960.0, 9497.0], [8037.0, 8832.0], [8119.999999999997, 8643.999999999996], [8354.0, 8453.0], [8468.0, 8380.0], [8671.0, 8220.0], [8784.0, 8178.0], [8848.0, 8089.0], [8883.0, 7804.0], [9174.0, 7715.0], [9199.0, 7602.0], [9616.0, 7541.0], [9641.0, 7428.0], [10325.0, 7395.0], [10387.0, 7316.0]]
