vars = 110 ; constr = 110 
total_times_used = 3.06
size_Y_N = 3
Y_N = [[14823.0, 18855.0], [15662.999999999998, 17613.999999999996], [17026.0, 15797.0]]
