vars = 42 ; constr = 42 
total_times_used = 5.68
size_Y_N = 21
Y_N = [[7004.0, 10292.0], [7046.0, 10026.0], [7085.0, 9512.0], [7092.0, 9065.0], [7162.999999999999, 8868.999999999998], [7451.0, 8724.0], [7576.0, 8422.0], [7647.0, 8226.0], [7935.0, 8081.0], [8156.0, 8031.0], [8322.0, 7703.0], [8610.0, 7558.0], [9067.0, 7513.0], [9123.0, 7392.0], [9166.0, 7327.0], [9424.0, 7268.0], [9456.0, 7241.0], [9470.0, 7178.0], [9687.0, 7088.0], [9826.0, 6933.0], [10034.0, 6874.0]]
