vars = 110 ; constr = 110 
total_times_used = 3.27
size_Y_N = 5
Y_N = [[17774.0, 18652.0], [17959.0, 18480.0], [18418.999999999956, 18091.99999999996], [18674.0, 17973.0], [18860.0, 17520.0]]
