vars = 156 ; constr = 156 
total_times_used = 3.59
size_Y_N = 6
Y_N = [[19811.0, 22282.0], [20605.0, 21684.0], [20625.99999999999, 20608.00000000066], [21157.0, 20607.0], [22193.0, 20339.0], [22404.0, 19552.0]]
