vars = 110 ; constr = 110 
total_times_used = 3.17
size_Y_N = 4
Y_N = [[16137.0, 19474.0], [16229.0, 17786.0], [17884.0, 17547.0], [17894.99999999995, 16879.000000003056]]
