vars = 210 ; constr = 210 
total_times_used = 4.49
size_Y_N = 11
Y_N = [[22124.0, 27613.0], [22688.0, 26290.0], [22924.0, 25770.0], [23266.0, 25699.0], [24006.0, 25142.0], [24908.0, 23611.0], [25312.0, 23576.0], [25417.0, 23549.0], [25732.99999999997, 23387.999999999978], [25868.99999999997, 22596.999999999978], [26281.0, 22118.0]]
