vars = 156 ; constr = 156 
total_times_used = 4.0
size_Y_N = 7
Y_N = [[17954.0, 25719.0], [19746.0, 22896.0], [21053.0, 21350.0], [21621.0, 21285.0], [22279.99999999995, 20822.99999999995], [22520.0, 20441.0], [23349.0, 19982.0]]
