vars = 42 ; constr = 42 
total_times_used = 6.44
size_Y_N = 21
Y_N = [[7036.0, 9911.0], [7075.999999999992, 9835.999999999993], [7136.0, 9341.0], [7149.0, 9119.0], [7222.0, 9056.0], [7267.0, 8826.0], [7378.0, 8474.0], [7467.0, 8401.0], [7522.0, 8264.0], [7637.0, 8163.0], [7652.0, 8137.0], [7722.0, 7839.0], [7902.0, 7815.0], [8130.0, 7792.0], [8138.0, 7551.0], [8413.0, 7328.0], [8811.0, 7156.0], [9142.0, 7066.0], [9393.0, 6990.0], [9746.0, 6915.0], [9832.0, 6840.0]]
