vars = 156 ; constr = 156 
total_times_used = 3.24
size_Y_N = 4
Y_N = [[18680.0, 21353.0], [19251.0, 20570.0], [19647.0, 19508.0], [20451.99999999999, 18721.99999999999]]
