vars = 110 ; constr = 110 
total_times_used = 3.97
size_Y_N = 7
Y_N = [[55.0, 79.0], [66.0, 68.0], [72.0, 62.0], [83.0, 56.0], [101.99999999996358, 53.99999999992717], [107.0, 53.0], [111.0, 50.0]]
