vars = 20 ; constr = 4 
 # informations of B&B algorithm : 
total_times_used = 26.99 
total_nodes = 659 
pruned_nodes = 330 
GAP = 0.0 
relaxation_time = 26.12 
test_dominance_time = 0.0 
update_incumbent_time = 0.02 
tree_size = 1.321 
nb_nodes_EPB = 0 
nb_nodes_VB = 658 
root_relax = true 
TO = false 
rootLBS = 24 
LBSexhaustive = true 
 位_strategy = 0 
 位_min = 1 
 位_max = 34 
位_acc = 4.68133535660091 
total_time_cplex = 24.92001461982727 
total_time_fusion = 0.0646519660949707 


size_Y_N = 15
Y_N = [[3768.0, 5787.0], [3840.5, 5784.25], [3931.75, 5755.0], [4255.75, 5610.25], [4409.25, 5289.75], [4487.75, 5201.0], [4645.25, 5126.75], [4694.0, 5061.25], [4715.5, 4907.5], [4832.75, 4878.25], [4876.75, 4760.25], [4974.0, 4499.25], [4987.75, 4487.75], [5147.75, 4383.75], [5295.75, 4328.75]]

