vars = 20 ; constr = 2 
 # informations of B&B algorithm : 
total_times_used = 11.84 
total_nodes = 477 
pruned_nodes = 239 
GAP = 0.0 
relaxation_time = 10.92 
test_dominance_time = 0.0 
update_incumbent_time = 0.07 
tree_size = 1.224 
nb_nodes_EPB = 0 
nb_nodes_VB = 476 
root_relax = true 
TO = false 
rootLBS = 7 
LBSexhaustive = true 
 位_strategy = 0 
 位_min = 1 
 位_max = 20 
位_acc = 4.645702306079665 
total_time_cplex = 9.297264337539673 
total_time_fusion = 0.029694557189941406 


size_Y_N = 13
Y_N = [[7767.5, 11068.5], [7773.5, 11017.5], [7884.0, 10947.5], [8425.0, 10882.5], [8765.0, 10617.5], [8767.5, 10519.5], [8928.0, 10471.0], [8996.5, 10213.5], [8999.0, 10115.5], [9029.5, 9985.0], [9123.5, 9812.0], [9176.0, 9636.0], [9276.0, 9387.5]]

