vars = 20 ; constr = 2 
 # informations of B&B algorithm : 
total_times_used = 7.12 
total_nodes = 533 
pruned_nodes = 267 
GAP = 0.0 
relaxation_time = 6.26 
test_dominance_time = 0.0 
update_incumbent_time = 0.02 
tree_size = 1.499 
nb_nodes_EPB = 0 
nb_nodes_VB = 532 
root_relax = true 
TO = false 
rootLBS = 7 
LBSexhaustive = true 
 位_strategy = 0 
 位_min = 1 
 位_max = 17 
位_acc = 4.311444652908068 
total_time_cplex = 4.712194919586182 
total_time_fusion = 0.021973133087158203 


size_Y_N = 23
Y_N = [[5323.5, 10433.0], [5367.0, 10381.0], [5547.5, 10323.0], [5612.5, 10216.0], [5624.5, 10164.0], [5628.0, 10126.0], [5740.0, 10051.0], [5785.5, 9907.0], [5817.0, 9892.0], [5994.0, 9750.0], [6056.5, 9501.5], [6182.5, 9440.5], [6280.5, 9390.5], [6287.0, 9276.5], [6483.5, 9171.5], [6503.0, 8928.5], [6530.5, 8675.0], [6711.5, 8645.0], [6723.5, 8593.0], [6788.5, 8486.0], [6837.5, 8393.0], [6992.5, 8350.0], [7039.0, 7607.5]]

