vars = 30 ; constr = 6 
 # informations of B&B algorithm : 
total_times_used = 519.19 
total_nodes = 238290 
pruned_nodes = 123377 
GAP = 0.0 
relaxation_time = 401.89 
test_dominance_time = 0.45 
update_incumbent_time = 0.03 
tree_size = 716.176 
nb_nodes_EPB = 61261 
nb_nodes_VB = 177028 
root_relax = false 
TO = false 
rootLBS = 35 
LBSexhaustive = true 
 位_strategy = 0 
 位_min = 0 
 位_max = 0 
位_acc = 0.0 
total_time_cplex = 0.0 
total_time_fusion = 0.0 



 # ----------- info about cuts : 
ite_total = 164234 
cuts_applied = 452356 
sp_cuts = 97425 
mp_cuts = 354931 
cuts_total = 452356 
times_calling_dicho = 401.89 
times_calling_separators = 42.89 
times_oper_cutPool = 2.59 
times_total_for_cuts = 448.99 
times_add_retrieve_cuts = 10.31 



size_Y_N = 19
Y_N = [[15212.666666666666, 15016.833333333332], [15226.000000000002, 14903.833333333332], [15317.666666666668, 14886.833333333332], [15481.500000000002, 14880.833333333332], [15647.000000000002, 14812.833333333332], [15882.666666666666, 14758.833333333332], [15937.833333333334, 14294.833333333332], [15986.166666666668, 14242.833333333332], [15987.666666666668, 14162.833333333332], [16010.66666666667, 13913.833333333332], [16065.833333333334, 13763.5], [16128.500000000002, 13578.333333333332], [16129.000000000002, 13468.333333333332], [16245.5, 13374.333333333332], [16313.500000000002, 13204.0], [16346.000000000002, 12983.0], [16368.666666666668, 12940.333333333332], [16517.333333333336, 12862.0], [16625.833333333336, 12793.0]]

