vars = 30 ; constr = 6 
 # informations of B&B algorithm : 
total_times_used = 860.08 
total_nodes = 263993 
pruned_nodes = 131418 
GAP = 0.0 
relaxation_time = 757.22 
test_dominance_time = 0.2 
update_incumbent_time = 0.02 
tree_size = 773.924 
nb_nodes_EPB = 6460 
nb_nodes_VB = 257532 
root_relax = false 
TO = false 
rootLBS = 15 
LBSexhaustive = true 
 位_strategy = 0 
 位_min = 0 
 位_max = 0 
位_acc = 0.0 
total_time_cplex = 0.0 
total_time_fusion = 0.0 



 # ----------- info about cuts : 
ite_total = 180362 
cuts_applied = 1059768 
sp_cuts = 233100 
mp_cuts = 826668 
cuts_total = 1059768 
times_calling_dicho = 757.22 
times_calling_separators = 53.98 
times_oper_cutPool = 5.12 
times_total_for_cuts = 825.32 
times_add_retrieve_cuts = 18.59 



size_Y_N = 17
Y_N = [[5223.333333333333, 6724.166666666666], [5223.666666666667, 6722.166666666666], [5401.333333333334, 6442.166666666666], [5733.166666666667, 5853.666666666666], [5777.666666666667, 5307.833333333333], [5787.333333333333, 5298.166666666666], [5826.0, 5136.333333333333], [5844.5, 5000.333333333333], [5844.833333333333, 4998.333333333333], [5952.833333333333, 4984.333333333333], [6004.0, 4854.333333333333], [6004.5, 4840.166666666666], [6023.333333333333, 4744.333333333333], [6037.666666666667, 4612.333333333333], [6072.333333333333, 4607.666666666666], [6137.833333333333, 4274.666666666666], [6211.666666666667, 4220.666666666666]]

