vars = 30 ; constr = 6 
 # informations of B&B algorithm : 
total_times_used = 3601.47 
total_nodes = 465859 
pruned_nodes = 104251 
GAP = 0.0 
relaxation_time = 3087.88 
test_dominance_time = 0.17 
update_incumbent_time = 0.08 
tree_size = 2170.218 
nb_nodes_EPB = 92954 
nb_nodes_VB = 372904 
root_relax = false 
TO = true 
rootLBS = 47 
LBSexhaustive = true 
 位_strategy = 0 
 位_min = 0 
 位_max = 0 
位_acc = 0.0 
total_time_cplex = 0.0 
total_time_fusion = 0.0 



 # ----------- info about cuts : 
ite_total = 384017 
cuts_applied = 1690850 
sp_cuts = 272614 
mp_cuts = 1418236 
cuts_total = 1690850 
times_calling_dicho = 3087.88 
times_calling_separators = 402.25 
times_oper_cutPool = 11.38 
times_total_for_cuts = 3545.3 
times_add_retrieve_cuts = 42.2 



size_Y_N = 7
Y_N = [[5942.5, 7710.500000000001], [6169.166666666666, 7405.833333333334], [6946.833333333333, 6598.166666666668], [7054.166666666668, 6486.833333333334], [7216.666666666669, 5961.166666666666], [7399.666666666666, 5781.500000000001], [7443.833333333333, 5009.666666666666]]

