vars = 30 ; constr = 6 
 # informations of B&B algorithm : 
total_times_used = 3601.48 
total_nodes = 303089 
pruned_nodes = 32394 
GAP = 0.0 
relaxation_time = 3169.25 
test_dominance_time = 0.02 
update_incumbent_time = 0.05 
tree_size = 2171.177 
nb_nodes_EPB = 18868 
nb_nodes_VB = 284220 
root_relax = false 
TO = true 
rootLBS = 48 
LBSexhaustive = true 
 位_strategy = 0 
 位_min = 0 
 位_max = 0 
位_acc = 0.0 
total_time_cplex = 0.0 
total_time_fusion = 0.0 



 # ----------- info about cuts : 
ite_total = 276599 
cuts_applied = 2088534 
sp_cuts = 339372 
mp_cuts = 1749162 
cuts_total = 2088534 
times_calling_dicho = 3169.25 
times_calling_separators = 328.44 
times_oper_cutPool = 14.31 
times_total_for_cuts = 3575.51 
times_add_retrieve_cuts = 49.33 



size_Y_N = 4
Y_N = [[9428.333333333334, 9510.166666666666], [10168.333333333334, 8339.0], [10226.833333333334, 7635.500000000002], [10400.666666666668, 7586.000000000001]]

