vars = 40 ; constr = 6 
 # informations of B&B algorithm : 
total_times_used = 3601.45 
total_nodes = 476465 
pruned_nodes = 201992 
GAP = 0.0 
relaxation_time = 2966.9 
test_dominance_time = 1.65 
update_incumbent_time = 0.07 
tree_size = 2415.827 
nb_nodes_EPB = 79004 
nb_nodes_VB = 397460 
root_relax = false 
TO = true 
rootLBS = 58 
LBSexhaustive = true 
 位_strategy = 0 
 位_min = 0 
 位_max = 0 
位_acc = 0.0 
total_time_cplex = 0.0 
total_time_fusion = 0.0 



 # ----------- info about cuts : 
ite_total = 346839 
cuts_applied = 1100278 
sp_cuts = 149764 
mp_cuts = 950514 
cuts_total = 1100278 
times_calling_dicho = 2966.9 
times_calling_separators = 485.54 
times_oper_cutPool = 7.57 
times_total_for_cuts = 3487.36 
times_add_retrieve_cuts = 31.06 



size_Y_N = 21
Y_N = [[15303.833333333334, 18909.500000000004], [15341.5, 18860.500000000004], [15405.0, 18858.500000000004], [15570.833333333334, 18833.500000000004], [15710.666666666668, 18812.500000000004], [16037.833333333334, 18746.500000000004], [16690.666666666664, 18746.333333333336], [16916.333333333332, 18720.333333333336], [17038.333333333332, 18683.333333333336], [17230.166666666664, 18521.333333333336], [17542.0, 17992.66666666667], [17583.833333333336, 17974.66666666667], [17642.333333333336, 17420.833333333336], [17677.833333333332, 17005.66666666667], [17714.333333333332, 16897.66666666667], [17814.333333333332, 16827.500000000004], [17841.333333333332, 16730.000000000004], [17846.166666666668, 16652.833333333336], [17988.833333333332, 16392.16666666667], [18068.333333333332, 15977.500000000004], [18208.5, 15925.666666666672]]

