vars = 30 ; constr = 4 
 # informations of B&B algorithm : 
total_times_used = 579.51 
total_nodes = 34926 
pruned_nodes = 18675 
GAP = 0.0 
relaxation_time = 566.21 
test_dominance_time = 0.0 
update_incumbent_time = 0.05 
tree_size = 71.012 
nb_nodes_EPB = 6507 
nb_nodes_VB = 28418 
root_relax = true 
TO = false 
rootLBS = 33 
LBSexhaustive = false 
 位_strategy = 0 
 位_min = 1 
 位_max = 29 
位_acc = 2.4008475061558725 
total_time_cplex = 559.0249443054199 
total_time_fusion = 0.7094247341156006 


size_Y_N = 38
Y_N = [[7296.75, 17336.5], [7398.5, 16899.5], [7571.75, 16866.5], [7967.5, 16744.5], [8035.5, 16502.5], [8088.5, 16111.0], [8199.75, 16056.25], [8274.25, 15748.0], [8538.75, 15715.25], [8606.75, 15473.25], [8616.75, 15270.25], [8620.5, 15126.25], [8659.75, 15081.75], [8955.75, 14962.0], [8981.5, 14578.75], [9006.0, 14543.25], [9010.75, 14540.75], [9112.25, 14539.5], [9120.75, 14472.5], [9182.75, 14380.5], [9188.0, 14241.0], [9369.25, 13994.25], [9428.5, 13767.75], [9513.0, 13742.0], [9592.0, 13536.0], [9594.0, 13377.25], [9719.0, 13134.0], [9733.25, 13094.5], [9750.25, 12948.0], [9763.5, 12787.5], [9783.5, 12712.5], [9794.0, 12703.0], [10014.0, 12699.0], [10015.25, 12138.75], [10234.25, 12051.5], [10303.75, 10502.25], [10381.5, 10229.25], [10613.25, 10109.5]]

