vars = 20 ; constr = 4 
 # informations of B&B algorithm : 
total_times_used = 13.13 
total_nodes = 771 
pruned_nodes = 407 
GAP = 0.0 
relaxation_time = 12.98 
test_dominance_time = 0.0 
update_incumbent_time = 0.0 
tree_size = 1.33 
nb_nodes_EPB = 130 
nb_nodes_VB = 640 
root_relax = true 
TO = false 
rootLBS = 18 
LBSexhaustive = false 
 位_strategy = 0 
 位_min = 1 
 位_max = 30 
位_acc = 2.6459143968871595 
total_time_cplex = 12.743356227874756 
total_time_fusion = 0.02710437774658203 


size_Y_N = 13
Y_N = [[4086.0, 5479.25], [4305.0, 5358.25], [4345.25, 5287.25], [4426.75, 5286.25], [4545.75, 5159.25], [4623.75, 5059.25], [4674.0, 4871.25], [4861.75, 4865.25], [4933.5, 4598.0], [5023.5, 3686.5], [5123.5, 3406.75], [5172.5, 3158.75], [5280.75, 3030.75]]

