vars = 40 ; constr = 6 
 # informations of B&B algorithm : 
total_times_used = 1218.67 
total_nodes = 76388 
pruned_nodes = 41794 
GAP = 0.0 
relaxation_time = 1192.47 
test_dominance_time = 0.04 
update_incumbent_time = 0.12 
tree_size = 179.691 
nb_nodes_EPB = 20337 
nb_nodes_VB = 56050 
root_relax = true 
TO = false 
rootLBS = 33 
LBSexhaustive = false 
 位_strategy = 0 
 位_min = 0 
 位_max = 0 
位_acc = 0.0 
total_time_cplex = 0.0 
total_time_fusion = 0.0 


size_Y_N = 30
Y_N = [[3802.833333333333, 9803.0], [4704.166666666667, 9763.5], [4975.5, 9602.666666666668], [5068.666666666667, 9542.166666666668], [5188.333333333333, 9487.5], [5241.5, 9144.0], [5258.166666666667, 9074.166666666668], [5290.0, 9049.0], [5417.166666666667, 8949.5], [5530.666666666667, 8905.333333333336], [5568.5, 8860.666666666668], [5606.333333333333, 8812.0], [5674.666666666666, 8625.0], [5804.333333333334, 8547.666666666668], [5909.0, 8324.0], [5932.666666666667, 8282.166666666668], [5979.0, 8243.5], [6038.833333333333, 8175.166666666667], [6111.666666666667, 8080.000000000001], [6179.000000000001, 8042.000000000001], [6235.166666666667, 7912.000000000001], [6292.833333333333, 7790.000000000001], [6385.5, 7642.000000000001], [6464.166666666667, 7641.000000000001], [6541.166666666666, 7464.500000000001], [6728.833333333333, 7101.333333333334], [6736.166666666666, 6933.333333333334], [6766.500000000001, 6719.833333333334], [6844.333333333333, 6433.833333333334], [7125.666666666667, 6280.333333333334]]

