vars = 20 ; constr = 4 
 # informations of B&B algorithm : 
total_times_used = 18.73 
total_nodes = 1461 
pruned_nodes = 819 
GAP = 0.0 
relaxation_time = 18.42 
test_dominance_time = 0.0 
update_incumbent_time = 0.0 
tree_size = 2.482 
nb_nodes_EPB = 348 
nb_nodes_VB = 1112 
root_relax = true 
TO = false 
rootLBS = 24 
LBSexhaustive = false 
 位_strategy = 0 
 位_min = 1 
 位_max = 23 
位_acc = 1.8747433264887063 
total_time_cplex = 18.15609097480774 
total_time_fusion = 0.02324056625366211 


size_Y_N = 15
Y_N = [[3768.0, 5787.0], [3840.5, 5784.25], [3931.75, 5755.0], [4255.75, 5610.25], [4409.25, 5289.75], [4487.75, 5201.0], [4645.25, 5126.75], [4694.0, 5061.25], [4715.5, 4907.5], [4832.75, 4878.25], [4876.75, 4760.25], [4974.0, 4499.25], [4987.75, 4487.75], [5147.75, 4383.75], [5295.75, 4328.75]]

